1.000000000000000000e+00 0.000000000000000000e+00 2.000000000000000000e+00 0.000000000000000000e+00 3.000000000000000000e+00 0.000000000000000000e+00 4.000000000000000000e+00 0.000000000000000000e+00 5.000000000000000000e+00 0.000000000000000000e+00 6.000000000000000000e+00 0.000000000000000000e+00
1.000000000000000000e+00 0.000000000000000000e+00 2.000000000000000000e+00 0.000000000000000000e+00 3.000000000000000000e+00 0.000000000000000000e+00 4.000000000000000000e+00 0.000000000000000000e+00 5.054496737905815884e+00 -2.269952498697733745e-01 5.945503262094184116e+00 2.269952498697733745e-01
1.000000000000000000e+00 0.000000000000000000e+00 2.000000000000000000e+00 0.000000000000000000e+00 3.000000000000000000e+00 0.000000000000000000e+00 4.000000000000000000e+00 0.000000000000000000e+00 5.206107373853763320e+00 -4.045084971874737256e-01 5.793892626146236680e+00 4.045084971874737256e-01
1.000000000000000000e+00 0.000000000000000000e+00 2.000000000000000000e+00 0.000000000000000000e+00 3.000000000000000000e+00 0.000000000000000000e+00 4.000000000000000000e+00 0.000000000000000000e+00 5.421782767479884413e+00 -4.938441702975688852e-01 5.578217232520115587e+00 4.938441702975688852e-01
1.000000000000000000e+00 0.000000000000000000e+00 2.000000000000000000e+00 0.000000000000000000e+00 3.000000000000000000e+00 0.000000000000000000e+00 4.000000000000000000e+00 0.000000000000000000e+00 5.654508497187473282e+00 -4.755282581475768211e-01 5.345491502812526718e+00 4.755282581475768211e-01
1.000000000000000000e+00 0.000000000000000000e+00 2.000000000000000000e+00 0.000000000000000000e+00 3.000000000000000000e+00 0.000000000000000000e+00 4.000000000000000000e+00 0.000000000000000000e+00 5.853553390593273953e+00 -3.535533905932737864e-01 5.146446609406726047e+00 3.535533905932737864e-01
1.000000000000000000e+00 0.000000000000000000e+00 2.000000000000000000e+00 0.000000000000000000e+00 3.000000000000000000e+00 0.000000000000000000e+00 4.000000000000000000e+00 0.000000000000000000e+00 5.975528258147576821e+00 -1.545084971874737534e-01 5.024471741852423179e+00 1.545084971874737534e-01
1.006155829702431115e+00 -7.821723252011554550e-02 1.993844170297568885e+00 7.821723252011554550e-02 3.000000000000000000e+00 0.000000000000000000e+00 4.000000000000000000e+00 0.000000000000000000e+00 6.000000000000000000e+00 -6.123233995736766036e-17 5.000000000000000000e+00 6.123233995736766036e-17
1.095491502812526274e+00 -2.938926261462366241e-01 1.904508497187473726e+00 2.938926261462366241e-01 3.000000000000000000e+00 0.000000000000000000e+00 4.000000000000000000e+00 0.000000000000000000e+00 6.000000000000000000e+00 -6.123233995736766036e-17 5.000000000000000000e+00 6.123233995736766036e-17
1.273004750130226626e+00 -4.455032620941839494e-01 1.726995249869773374e+00 4.455032620941839494e-01 3.000000000000000000e+00 0.000000000000000000e+00 4.000000000000000000e+00 0.000000000000000000e+00 6.000000000000000000e+00 -6.123233995736766036e-17 5.000000000000000000e+00 6.123233995736766036e-17
1.500000000000000000e+00 -5.000000000000000000e-01 1.500000000000000000e+00 5.000000000000000000e-01 3.000000000000000000e+00 0.000000000000000000e+00 4.000000000000000000e+00 0.000000000000000000e+00 6.000000000000000000e+00 -6.123233995736766036e-17 5.000000000000000000e+00 6.123233995736766036e-17
1.726995249869773374e+00 -4.455032620941839494e-01 1.273004750130226626e+00 4.455032620941839494e-01 3.000000000000000000e+00 0.000000000000000000e+00 4.000000000000000000e+00 0.000000000000000000e+00 6.000000000000000000e+00 -6.123233995736766036e-17 5.000000000000000000e+00 6.123233995736766036e-17
1.904508497187473726e+00 -2.938926261462366241e-01 1.095491502812526274e+00 2.938926261462366241e-01 3.000000000000000000e+00 0.000000000000000000e+00 4.000000000000000000e+00 0.000000000000000000e+00 6.000000000000000000e+00 -6.123233995736766036e-17 5.000000000000000000e+00 6.123233995736766036e-17
1.993844170297568885e+00 -7.821723252011548999e-02 1.006155829702431115e+00 7.821723252011548999e-02 3.000000000000000000e+00 0.000000000000000000e+00 4.000000000000000000e+00 0.000000000000000000e+00 6.000000000000000000e+00 -6.123233995736766036e-17 5.000000000000000000e+00 6.123233995736766036e-17
2.000000000000000000e+00 -6.123233995736766036e-17 1.000000000000000000e+00 6.123233995736766036e-17 3.024471741852423179e+00 -1.545084971874739199e-01 3.975528258147576821e+00 1.545084971874739199e-01 6.000000000000000000e+00 -6.123233995736766036e-17 5.000000000000000000e+00 6.123233995736766036e-17
2.000000000000000000e+00 -6.123233995736766036e-17 1.000000000000000000e+00 6.123233995736766036e-17 3.146446609406726491e+00 -3.535533905932738974e-01 3.853553390593273509e+00 3.535533905932738974e-01 6.000000000000000000e+00 -6.123233995736766036e-17 5.000000000000000000e+00 6.123233995736766036e-17
2.000000000000000000e+00 -6.123233995736766036e-17 1.000000000000000000e+00 6.123233995736766036e-17 3.345491502812526274e+00 -4.755282581475768211e-01 3.654508497187473726e+00 4.755282581475768211e-01 6.000000000000000000e+00 -6.123233995736766036e-17 5.000000000000000000e+00 6.123233995736766036e-17
2.000000000000000000e+00 -6.123233995736766036e-17 1.000000000000000000e+00 6.123233995736766036e-17 3.578217232520115587e+00 -4.938441702975688297e-01 3.421782767479884413e+00 4.938441702975688297e-01 6.000000000000000000e+00 -6.123233995736766036e-17 5.000000000000000000e+00 6.123233995736766036e-17
2.000000000000000000e+00 -6.123233995736766036e-17 1.000000000000000000e+00 6.123233995736766036e-17 3.793892626146236680e+00 -4.045084971874736146e-01 3.206107373853763320e+00 4.045084971874736146e-01 6.000000000000000000e+00 -6.123233995736766036e-17 5.000000000000000000e+00 6.123233995736766036e-17
2.000000000000000000e+00 -6.123233995736766036e-17 1.000000000000000000e+00 6.123233995736766036e-17 3.945503262094184116e+00 -2.269952498697732357e-01 3.054496737905815884e+00 2.269952498697732357e-01 6.000000000000000000e+00 -6.123233995736766036e-17 5.000000000000000000e+00 6.123233995736766036e-17
2.000000000000000000e+00 -6.123233995736766036e-17 1.000000000000000000e+00 6.123233995736766036e-17 4.000000000000000000e+00 -6.123233995736766036e-17 3.000000000000000000e+00 6.123233995736766036e-17 6.000000000000000000e+00 -6.123233995736766036e-17 5.000000000000000000e+00 6.123233995736766036e-17
