1.000000000000000000e+00 0.000000000000000000e+00 2.000000000000000000e+00 0.000000000000000000e+00 3.000000000000000000e+00 0.000000000000000000e+00 4.000000000000000000e+00 0.000000000000000000e+00
1.000000000000000000e+00 0.000000000000000000e+00 2.000000000000000000e+00 0.000000000000000000e+00 3.146446609406726047e+00 3.535533905932737309e-01 3.853553390593273953e+00 -3.535533905932737309e-01
1.000000000000000000e+00 0.000000000000000000e+00 2.000000000000000000e+00 0.000000000000000000e+00 3.500000000000000000e+00 5.000000000000000000e-01 3.500000000000000000e+00 -5.000000000000000000e-01
1.000000000000000000e+00 0.000000000000000000e+00 2.000000000000000000e+00 0.000000000000000000e+00 3.853553390593273953e+00 3.535533905932737864e-01 3.146446609406726047e+00 -3.535533905932737864e-01
1.000000000000000000e+00 0.000000000000000000e+00 2.000000000000000000e+00 0.000000000000000000e+00 4.000000000000000000e+00 6.123233995736766036e-17 3.000000000000000000e+00 -6.123233995736766036e-17
1.000000000000000000e+00 0.000000000000000000e+00 2.146446609406726047e+00 3.535533905932736753e-01 4.000000000000000000e+00 6.123233995736766036e-17 2.853553390593273953e+00 -3.535533905932737864e-01
1.000000000000000000e+00 0.000000000000000000e+00 2.500000000000000000e+00 4.999999999999999445e-01 4.000000000000000000e+00 6.123233995736766036e-17 2.500000000000000000e+00 -5.000000000000000000e-01
1.000000000000000000e+00 0.000000000000000000e+00 2.853553390593273953e+00 3.535533905932737309e-01 4.000000000000000000e+00 6.123233995736766036e-17 2.146446609406726047e+00 -3.535533905932738419e-01
1.000000000000000000e+00 0.000000000000000000e+00 3.000000000000000000e+00 0.000000000000000000e+00 4.000000000000000000e+00 6.123233995736766036e-17 2.000000000000000000e+00 -6.123233995736766036e-17
1.146446609406726269e+00 3.535533905932736753e-01 3.000000000000000000e+00 0.000000000000000000e+00 4.000000000000000000e+00 6.123233995736766036e-17 1.853553390593273731e+00 -3.535533905932737864e-01
1.500000000000000000e+00 4.999999999999999445e-01 3.000000000000000000e+00 0.000000000000000000e+00 4.000000000000000000e+00 6.123233995736766036e-17 1.500000000000000000e+00 -5.000000000000000000e-01
1.853553390593273731e+00 3.535533905932737309e-01 3.000000000000000000e+00 0.000000000000000000e+00 4.000000000000000000e+00 6.123233995736766036e-17 1.146446609406726269e+00 -3.535533905932738419e-01
2.000000000000000000e+00 0.000000000000000000e+00 3.000000000000000000e+00 0.000000000000000000e+00 4.000000000000000000e+00 6.123233995736766036e-17 1.000000000000000000e+00 -6.123233995736766036e-17
2.146446609406726047e+00 -3.535533905932737309e-01 2.853553390593273953e+00 3.535533905932737309e-01 4.000000000000000000e+00 6.123233995736766036e-17 1.000000000000000000e+00 -6.123233995736766036e-17
2.500000000000000000e+00 -5.000000000000000000e-01 2.500000000000000000e+00 5.000000000000000000e-01 4.000000000000000000e+00 6.123233995736766036e-17 1.000000000000000000e+00 -6.123233995736766036e-17
2.853553390593273953e+00 -3.535533905932737864e-01 2.146446609406726047e+00 3.535533905932737864e-01 4.000000000000000000e+00 6.123233995736766036e-17 1.000000000000000000e+00 -6.123233995736766036e-17
3.000000000000000000e+00 -6.123233995736766036e-17 2.000000000000000000e+00 6.123233995736766036e-17 4.000000000000000000e+00 6.123233995736766036e-17 1.000000000000000000e+00 -6.123233995736766036e-17
2.853553390593273953e+00 -3.535533905932737864e-01 2.146446609406726047e+00 3.535533905932737864e-01 4.000000000000000000e+00 6.123233995736766036e-17 1.000000000000000000e+00 -6.123233995736766036e-17
2.500000000000000000e+00 -5.000000000000000000e-01 2.500000000000000000e+00 5.000000000000000000e-01 4.000000000000000000e+00 6.123233995736766036e-17 1.000000000000000000e+00 -6.123233995736766036e-17
2.146446609406726047e+00 -3.535533905932737309e-01 2.853553390593273953e+00 3.535533905932737309e-01 4.000000000000000000e+00 6.123233995736766036e-17 1.000000000000000000e+00 -6.123233995736766036e-17
2.000000000000000000e+00 0.000000000000000000e+00 3.000000000000000000e+00 0.000000000000000000e+00 4.000000000000000000e+00 6.123233995736766036e-17 1.000000000000000000e+00 -6.123233995736766036e-17
