1.000000000000000000e+00 0.000000000000000000e+00 2.000000000000000000e+00 0.000000000000000000e+00 3.000000000000000000e+00 0.000000000000000000e+00 4.000000000000000000e+00 0.000000000000000000e+00
1.000000000000000000e+00 0.000000000000000000e+00 2.054496737905815884e+00 -2.269952498697733745e-01 2.945503262094184116e+00 2.269952498697733745e-01 4.000000000000000000e+00 0.000000000000000000e+00
1.000000000000000000e+00 0.000000000000000000e+00 2.206107373853763320e+00 -4.045084971874737256e-01 2.793892626146236680e+00 4.045084971874737256e-01 4.000000000000000000e+00 0.000000000000000000e+00
1.000000000000000000e+00 0.000000000000000000e+00 2.421782767479884413e+00 -4.938441702975688852e-01 2.578217232520115587e+00 4.938441702975688852e-01 4.000000000000000000e+00 0.000000000000000000e+00
1.000000000000000000e+00 0.000000000000000000e+00 2.654508497187473726e+00 -4.755282581475768211e-01 2.345491502812526274e+00 4.755282581475768211e-01 4.000000000000000000e+00 0.000000000000000000e+00
1.000000000000000000e+00 0.000000000000000000e+00 2.853553390593273953e+00 -3.535533905932737864e-01 2.146446609406726047e+00 3.535533905932737864e-01 4.000000000000000000e+00 0.000000000000000000e+00
1.000000000000000000e+00 0.000000000000000000e+00 2.975528258147576821e+00 -1.545084971874737534e-01 2.024471741852423179e+00 1.545084971874737534e-01 4.000000000000000000e+00 0.000000000000000000e+00
1.000000000000000000e+00 0.000000000000000000e+00 3.006155829702431337e+00 -7.821723252011560101e-02 2.000000000000000000e+00 6.123233995736766036e-17 3.993844170297568663e+00 7.821723252011554550e-02
1.000000000000000000e+00 0.000000000000000000e+00 3.095491502812526274e+00 -2.938926261462366796e-01 2.000000000000000000e+00 6.123233995736766036e-17 3.904508497187473726e+00 2.938926261462365686e-01
1.000000000000000000e+00 0.000000000000000000e+00 3.273004750130226626e+00 -4.455032620941840049e-01 2.000000000000000000e+00 6.123233995736766036e-17 3.726995249869773374e+00 4.455032620941838939e-01
1.000000000000000000e+00 0.000000000000000000e+00 3.500000000000000000e+00 -5.000000000000000000e-01 2.000000000000000000e+00 6.123233995736766036e-17 3.500000000000000000e+00 4.999999999999999445e-01
1.000000000000000000e+00 0.000000000000000000e+00 3.726995249869773374e+00 -4.455032620941840049e-01 2.000000000000000000e+00 6.123233995736766036e-17 3.273004750130226626e+00 4.455032620941838939e-01
1.000000000000000000e+00 0.000000000000000000e+00 3.904508497187473726e+00 -2.938926261462366796e-01 2.000000000000000000e+00 6.123233995736766036e-17 3.095491502812526274e+00 2.938926261462365686e-01
1.000000000000000000e+00 0.000000000000000000e+00 3.993844170297568663e+00 -7.821723252011548999e-02 2.000000000000000000e+00 6.123233995736766036e-17 3.006155829702431337e+00 7.821723252011543448e-02
1.024471741852423179e+00 -1.545084971874739199e-01 4.000000000000000000e+00 -6.123233995736766036e-17 1.975528258147576821e+00 1.545084971874739754e-01 3.000000000000000000e+00 0.000000000000000000e+00
1.146446609406726491e+00 -3.535533905932738419e-01 4.000000000000000000e+00 -6.123233995736766036e-17 1.853553390593273509e+00 3.535533905932739529e-01 3.000000000000000000e+00 0.000000000000000000e+00
1.345491502812526496e+00 -4.755282581475767656e-01 4.000000000000000000e+00 -6.123233995736766036e-17 1.654508497187473504e+00 4.755282581475768766e-01 3.000000000000000000e+00 0.000000000000000000e+00
1.578217232520115587e+00 -4.938441702975687742e-01 4.000000000000000000e+00 -6.123233995736766036e-17 1.421782767479884413e+00 4.938441702975688852e-01 3.000000000000000000e+00 0.000000000000000000e+00
1.793892626146236680e+00 -4.045084971874735591e-01 4.000000000000000000e+00 -6.123233995736766036e-17 1.206107373853763320e+00 4.045084971874736701e-01 3.000000000000000000e+00 0.000000000000000000e+00
1.945503262094184116e+00 -2.269952498697731802e-01 4.000000000000000000e+00 -6.123233995736766036e-17 1.054496737905815884e+00 2.269952498697732357e-01 3.000000000000000000e+00 0.000000000000000000e+00
2.000000000000000000e+00 0.000000000000000000e+00 4.000000000000000000e+00 -6.123233995736766036e-17 1.000000000000000000e+00 6.123233995736766036e-17 3.000000000000000000e+00 0.000000000000000000e+00
