2.999999988357892722e+00 2.606421989725222176e-08
2.999999986912835759e+00 4.263846007850694640e-08
2.999999984465129277e+00 5.583955141362000690e-08
2.999999980679692424e+00 6.637678128549091869e-08
2.999999975365847948e+00 7.456744519844683100e-08
2.999999968474416523e+00 8.064217668234007458e-08
2.999999960074441141e+00 8.477942079482889972e-08
2.999999950313079200e+00 8.710554165208422670e-08
2.999999939374908386e+00 8.770564577111767296e-08
2.999999927456073578e+00 8.664399959519284784e-08
2.999999914751662722e+00 8.398341139910104043e-08
2.999999901450843609e+00 7.980095419438104447e-08
2.999999887736832793e+00 7.420036554817062316e-08
2.999999873791444838e+00 6.732180232990732428e-08
2.999999859805793978e+00 5.934779749187877028e-08
2.999999846000449111e+00 5.050123074706494479e-08
2.999999832658747589e+00 4.102458523170556012e-08
2.999999820178414822e+00 3.111285420790312039e-08
2.999999809138502282e+00 2.068431695222477777e-08
2.999999755086925290e+00 3.085039823602642173e-08
2.999997901617789786e+00 2.991154000872096756e-08
2.999974483915958778e+00 -6.364280147102710977e-08
2.999743603398697278e+00 -9.741906699688007710e-07
2.998012137638629948e+00 -6.788405765811365806e-06
2.988413797336102462e+00 -2.034817600159763673e-05
2.944283723595556790e+00 -4.926528800913820838e-02
2.943271737697577439e+00 5.000044181119131514e-02
2.924444336973000436e+00 -1.085081557435358113e-01
2.923967884633318803e+00 1.098491120252252928e-01
2.917997464964049659e+00 2.732005569146006389e-03
2.901881561581401758e+00 -1.604135478681028848e-01
2.901485442179340790e+00 1.619589849261013625e-01
2.874938066667230618e+00 -2.080720154256973098e-01
2.874467922435301581e+00 2.097481095994433997e-01
2.843456496751161744e+00 -2.516953305471681945e-01
2.842839211795953336e+00 2.534500135832701284e-01
2.807616326730653533e+00 -2.910174246482595262e-01
2.806815979603763722e+00 2.928047727958067448e-01
2.767768166646936479e+00 -3.256565642823994189e-01
2.766770381317209981e+00 3.274374443413131663e-01
2.724375107392077222e+00 -3.552204725121124174e-01
2.723178078598446739e+00 3.569645489120044646e-01
2.677982774633139496e+00 -3.793493989655407628e-01
2.676590243265120073e+00 3.810363080193038265e-01
2.629199704473494048e+00 -3.977383431226951815e-01
2.627614583739382059e+00 3.993574234171424764e-01
2.578681903403777120e+00 -4.101504391556292095e-01
2.576900269581456904e+00 4.116986499319985060e-01
2.527119104618542611e+00 -4.164257833414188315e-01
2.525124728953971331e+00 4.179034498537181896e-01
2.475221520715781942e+00 -4.164874554835789056e-01
2.472981483586333074e+00 4.178914615341992045e-01
2.423706336816825679e+00 -4.103454887262030226e-01
2.421168689662190676e+00 4.116595814893265204e-01
2.373283247318186628e+00 -3.980990022950238183e-01
2.370378251172920780e+00 3.992810933498348591e-01
2.324638189893318607e+00 -3.799361811558267243e-01
2.321285382650437601e+00 3.809031173041373397e-01
2.278414232317124810e+00 -3.561309524955715844e-01
2.274538332362337378e+00 3.567425269546616318e-01
2.235188661631180018e+00 -3.270338166126953161e-01
2.230747575772054070e+00 3.270802311073333080e-01
2.195446329110332329e+00 -2.930524321235410956e-01
2.190472994575241028e+00 2.922530873523142558e-01
2.159551425956732551e+00 -2.546163644337988696e-01
2.154205982591651303e+00 2.526411178096725219e-01
2.127719675324359017e+00 -2.121217668528897760e-01
2.122340026969635307e+00 2.086435707829847053e-01
2.099975862428770323e+00 -1.658514074274519967e-01
2.095114995706750527e+00 1.606261796584872448e-01
2.076001802358582893e+00 -1.158271277453467724e-01
2.072495394368889965e+00 1.087952733605484640e-01
2.054337368126903041e+00 -6.127652368199603544e-02
2.053695497387690416e+00 5.309943253970306198e-02
2.020282991237601689e+00 -2.379337714836093508e-04
1.979717139490429378e+00 -2.376783661620784243e-04
1.946304996248243269e+00 5.309937153725653725e-02
1.945662582681566333e+00 -6.127650450640840379e-02
1.927505123723563862e+00 1.087951198950397463e-01
1.923998166581544655e+00 -1.158271803809386574e-01
1.904885493140801245e+00 1.606259535116863757e-01
1.900024134905717643e+00 -1.658515073156756614e-01
1.877660409270375030e+00 2.086432811996473680e-01
1.872280359192743271e+00 -2.121218997227562741e-01
1.845794385582696595e+00 2.526407771290122839e-01
1.840448651674484459e+00 -2.546165163960411593e-01
1.809527295213514630e+00 2.922527104551069788e-01
1.804553794318094262e+00 -2.930525885046633694e-01
1.769252630055541786e+00 3.270798344637779187e-01
1.764811506891412751e+00 -3.270339624168788206e-01
1.725461788522304474e+00 3.567421275932775582e-01
1.721585977196456563e+00 -3.561310733022493014e-01
1.678714656671682182e+00 3.809027317700292570e-01
1.675362053258341088e+00 -3.799362640823472637e-01
1.629621713898538715e+00 3.992807367184920686e-01
1.626717019221674665e+00 -3.980990368543849134e-01
1.578831211784862187e+00 4.116592664989789929e-01
1.576293940555005157e+00 -4.103454675192226286e-01
1.527018367377116048e+00 4.178911978807971495e-01
1.524778753400628961e+00 -4.164873747098885026e-01
1.474875086280695191e+00 4.179032436956806595e-01
1.472881151525830656e+00 -4.164256430745011395e-01
1.423099525311193991e+00 4.116985036633471484e-01
1.421318320403957891e+00 -4.101502433761439748e-01
1.372385205827308496e+00 3.993573356790323658e-01
1.370800473953479148e+00 -3.977380995165008537e-01
1.323409554683220968e+00 3.810362739672233379e-01
1.322017347586406322e+00 -3.793491184640140346e-01
1.276821739290742164e+00 3.569645607198341231e-01
1.275624950794449042e+00 -3.552201686299785166e-01
1.233229465244420231e+00 3.274374918914005339e-01
1.232231823274391624e+00 -3.256562522810479976e-01
1.193183901053738172e+00 2.928048445273616629e-01
1.192383594670420432e+00 -2.910171205682459128e-01
1.157160704796224460e+00 2.534500974549066532e-01
1.156543360002345366e+00 -2.516950501421572617e-01
1.125532028257713479e+00 2.097481941565886021e-01
1.125061733395199104e+00 -2.080717730227849838e-01
1.098514537122409429e+00 1.619590606672494104e-01
1.098118193572876322e+00 -1.604133549875453035e-01
1.082002450728616783e+00 2.731582263492042615e-03
1.076032114189145128e+00 1.098491746447566586e-01
1.075555388036018911e+00 -1.085080181735865734e-01
1.056728283994965434e+00 5.000052149573522980e-02
1.055715967341258388e+00 -4.926518690480097967e-02
1.011586087889303043e+00 -2.042485394901198681e-05
1.001987750308942715e+00 -6.838748509359106342e-06
1.000256285899342235e+00 -1.019371876550166935e-06
1.000025406264841044e+00 -1.090700824333543804e-07
1.000001988280232235e+00 -1.713791240864903642e-08
1.000000117154006052e+00 -1.080213396509321910e-08
1.000000019085993008e+00 -7.403798464895449023e-09
1.000000017259521368e+00 -1.116654536677326720e-08
1.000000014974320006e+00 -1.430001457610874290e-08
1.000000012263304372e+00 -1.692213508555892467e-08
1.000000009164939030e+00 -1.905343677549503795e-08
1.000000005723294505e+00 -2.069245360834967353e-08
1.000000001986460330e+00 -2.183282407503060976e-08
9.999999980047435955e-01 -2.246960040996085637e-08
9.999999938290888846e-01 -2.260258256112771245e-08
9.999999895098097280e-01 -2.223865943504816411e-08
9.999999850957149716e-01 -2.139382481258427248e-08
9.999999806337047659e-01 -2.009517400735131771e-08
9.999999761692681677e-01 -1.838298681239937352e-08
9.999999717481449224e-01 -1.631280987083366373e-08
9.999999674200612532e-01 -1.395699364746727153e-08
9.999999632452627463e-01 -1.140440431116591480e-08
9.999999593044426316e-01 -8.755161088803043064e-09
9.999999557114709337e-01 -6.103262130986031190e-09
9.999999526247456139e-01 -3.478665133727076864e-09
