0.000000000000000000e+00 -1.124752475247524686e+01 -1.714799919223014106e-16
1.000000000000000000e+00 6.518479095861623093e-03 -1.040859621491805470e-01
2.000000000000000000e+00 1.250575988916559356e-01 1.166476791216360803e-02
3.000000000000000000e+00 -8.126733729468961498e-03 6.483575933073051911e-02
4.000000000000000000e+00 -8.256292493193335491e-04 -2.087228075024685900e-04
5.000000000000000000e+00 -2.857196486973062350e-03 1.511877254176292006e-02
6.000000000000000000e+00 -2.927070839094845188e-04 -1.451876101221200260e-04
7.000000000000000000e+00 -1.767931288189198346e-03 6.958438583115644262e-03
8.000000000000000000e+00 -1.408988679660301362e-04 -1.227276781067460944e-04
9.000000000000000000e+00 -1.285398604869716693e-03 4.002194750077680239e-03
1.000000000000000000e+01 -7.318480926488600232e-05 -1.106651846330573900e-04
1.100000000000000000e+01 -1.010149169282304653e-03 2.583967807524172478e-03
1.200000000000000000e+01 -3.539279395391077023e-05 -1.027590540341674906e-04
1.300000000000000000e+01 -8.311843568126042053e-04 1.791088902495396916e-03
1.400000000000000000e+01 -1.100999326423519962e-05 -9.688363933295181447e-05
1.500000000000000000e+01 -7.050148811845556715e-04 1.302116341794590107e-03
1.600000000000000000e+01 6.464611397408892934e-06 -9.210605879743819315e-05
1.700000000000000000e+01 -6.110056758752823586e-04 9.790744655760439969e-04
1.800000000000000000e+01 2.003434621181384768e-05 -8.794646187845030964e-05
1.900000000000000000e+01 -5.380720863043031215e-04 7.544523293017183461e-04
2.000000000000000000e+01 3.125108520780739933e-05 -8.412807674571573090e-05
2.100000000000000000e+01 -4.797147340045767455e-04 5.919567215533272147e-04
2.200000000000000000e+01 4.098740454397472064e-05 -8.047580201278518137e-05
2.300000000000000000e+01 -4.318653859054841357e-04 4.706338043283228904e-04
2.400000000000000000e+01 4.976828198665026603e-05 -7.686938850495653001e-05
2.500000000000000000e+01 -3.918449765593906152e-04 3.776872343705926262e-04
2.600000000000000000e+01 5.792818958771517454e-05 -7.321957441869582784e-05
2.700000000000000000e+01 -3.578161275282836190e-04 3.049391396624143396e-04
2.800000000000000000e+01 6.569143029283324353e-05 -6.945487790146321174e-05
2.900000000000000000e+01 -3.284761011229229326e-04 2.469631031549382591e-04
3.000000000000000000e+01 7.321587934109536418e-05 -6.551371723168942596e-05
3.100000000000000000e+01 -3.028752532514336344e-04 2.000427626103749618e-04
3.200000000000000000e+01 8.061809745591300201e-05 -6.133933655138145281e-05
3.300000000000000000e+01 -2.803048910764546395e-04 1.615632868634035127e-04
3.400000000000000000e+01 8.798843947292530753e-05 -5.687624998888435220e-05
3.500000000000000000e+01 -2.602254048578192492e-04 1.296414975601533715e-04
3.600000000000000000e+01 9.540054874386432794e-05 -5.206749811951545811e-05
3.700000000000000000e+01 -2.422187412151918079e-04 1.028932976563774705e-04
3.800000000000000000e+01 1.029175888562584634e-04 -4.685229746050902192e-05
3.900000000000000000e+01 -2.259561119287044535e-04 8.028306385252921118e-05
4.000000000000000000e+01 1.105965306991254696e-04 -4.116380792327377261e-05
4.100000000000000000e+01 -2.111755338560977529e-04 6.102356299906709327e-05
4.200000000000000000e+01 1.184912661387921577e-04 -3.492681282030974749e-05
4.300000000000000000e+01 -1.976658857552961754e-04 4.450790522974858800e-05
4.400000000000000000e+01 1.266550203171353569e-04 -2.805513254626870788e-05
4.500000000000000000e+01 -1.852553908751708271e-04 3.026232766510156667e-05
4.600000000000000000e+01 1.351423669761352044e-04 -2.044859053847736613e-05
4.700000000000000000e+01 -1.738031728845961681e-04 1.791283015030288727e-05
4.800000000000000000e+01 1.440110570480919320e-04 -1.198932371774612261e-05
4.900000000000000000e+01 -1.631929918532178765e-04 7.161211132417047130e-06
5.000000000000000000e+01 1.533238197951832308e-04 -2.537178446999848689e-06
-5.000000000000000000e+01 -1.533285602479332707e-04 -2.232398509749791020e-06
-4.900000000000000000e+01 1.631502723389630755e-04 8.076148244034146170e-06
-4.800000000000000000e+01 -1.441300313435260453e-04 -1.046243281494893928e-05
-4.700000000000000000e+01 1.735690698190734467e-04 2.005468500836269047e-05
-4.600000000000000000e+01 -1.355313827149379614e-04 -1.768752402476883779e-05
-4.500000000000000000e+01 1.846704415798389436e-04 3.364812521964617590e-05
-4.400000000000000000e+01 -1.274785093452603200e-04 -2.403776796533933855e-05
-4.300000000000000000e+01 1.965592894844858478e-04 4.916504588137087433e-05
-4.200000000000000000e+01 -1.199279095673101746e-04 -2.962024496247328391e-05
-4.100000000000000000e+01 2.093590764181892940e-04 6.699073414925090701e-05
-4.000000000000000000e+01 -1.128459037247604935e-04 -3.452323417383784036e-05
-3.900000000000000000e+01 2.232168143385659660e-04 8.761157832100923044e-05
-3.800000000000000000e+01 -1.062083787693010633e-04 -3.881943009107973684e-05
-3.700000000000000000e+01 2.383095856282110706e-04 1.116489619134374245e-04
-3.600000000000000000e+01 -1.000011114844850620e-04 -4.256837749925648025e-05
-3.500000000000000000e+01 2.548532222125804566e-04 1.399071633291988398e-04
-3.400000000000000000e+01 -9.422080053239230402e-05 -4.581827190808320140e-05
-3.300000000000000000e+01 2.731140632633456537e-04 1.734423133818148530e-04
-3.200000000000000000e+01 -8.887705175945125415e-05 -4.860721671243946091e-05
-3.100000000000000000e+01 2.934251817156445833e-04 2.136637279471553580e-04
-3.000000000000000000e+01 -8.399574452498297713e-05 -5.096397781772242822e-05
-2.900000000000000000e+01 3.162092316368378788e-04 2.624862761293887572e-04
-2.800000000000000000e+01 -7.962451932936799755e-05 -5.290822242080545616e-05
-2.700000000000000000e+01 3.420113399938232721e-04 3.225655023910521256e-04
-2.600000000000000000e+01 -7.584168621624857293e-05 -5.445015940231171908e-05
-2.500000000000000000e+01 3.715476587300034993e-04 3.976713089379249329e-04
-2.400000000000000000e+01 -7.277090096412670546e-05 -5.558939425787776827e-05
-2.300000000000000000e+01 4.057791176819847546e-04 4.933023383011298814e-04
-2.200000000000000000e+01 -7.060601419958944256e-05 -5.631263445850553430e-05
-2.100000000000000000e+01 4.460272574049025046e-04 6.177367334597811061e-04
-2.000000000000000000e+01 -6.965476417521715836e-05 -5.658955249205999225e-05
-1.900000000000000000e+01 4.941634666077132339e-04 7.839147629159722887e-04
-1.800000000000000000e+01 -7.041938958233043017e-05 -5.636545711612549642e-05
-1.700000000000000000e+01 5.529331883818032391e-04 1.013005248891204720e-03
-1.600000000000000000e+01 -7.375456773822654732e-05 -5.554800631302766692e-05
-1.500000000000000000e+01 6.265449070006279611e-04 1.341638710596220353e-03
-1.400000000000000000e+01 -8.120109879486113740e-05 -5.398185877265683822e-05
-1.300000000000000000e+01 7.218230331792383457e-04 1.837889659480412222e-03
-1.200000000000000000e+01 -9.576263848317135836e-05 -5.139640182500974924e-05
-1.100000000000000000e+01 8.506989167967977591e-04 2.640757907775833756e-03
-1.000000000000000000e+01 -1.239633587686457517e-04 -4.728514650375178964e-05
-9.000000000000000000e+00 1.036393001694663760e-03 4.073782264307924256e-03
-8.000000000000000000e+00 -1.823954469826525693e-04 -4.057677768618256754e-05
-7.000000000000000000e+00 1.332378303045630855e-03 7.054800961920652466e-03
-6.000000000000000000e+00 -3.254953467447633001e-04 -2.845449615392547918e-05
-5.000000000000000000e+00 1.907121510476107468e-03 1.526773534218477980e-02
-4.000000000000000000e+00 -8.516030670130073782e-04 1.041132829723460632e-06
-3.000000000000000000e+00 4.044514496153846228e-03 6.521779965310463278e-02
-2.000000000000000000e+00 1.255384708377028924e-01 -3.944894259913084116e-03
-1.000000000000000000e+00 3.488320269257544966e-05 -1.042898694476413618e-01
