0.000000000000000000e+00 6.495049504950495489e+00 -5.715999730743380355e-17
1.000000000000000000e+00 -4.861503287729586342e-03 -2.446667448254763195e-03
2.000000000000000000e+00 -1.263038067285097432e-01 -1.170354356071734263e-02
3.000000000000000000e+00 9.126150746557037952e-03 -8.624058437769500929e-02
4.000000000000000000e+00 -9.259567748006676037e-06 1.567174731820154723e-04
5.000000000000000000e+00 3.574666501995694360e-03 -2.432663076510439143e-02
6.000000000000000000e+00 -3.368333718777746463e-04 8.627116665622834243e-05
7.000000000000000000e+00 2.329225349224957851e-03 -1.209382803342401447e-02
8.000000000000000000e+00 -3.659407266658224953e-04 5.933951807009039671e-05
9.000000000000000000e+00 1.747823028839803720e-03 -7.284284554399896895e-03
1.000000000000000000e+01 -3.523601143359895364e-04 4.394375201670647094e-05
1.100000000000000000e+01 1.404616001054505682e-03 -4.867216705513907442e-03
1.200000000000000000e+01 -3.325580819095676666e-04 3.328011089670217400e-05
1.300000000000000000e+01 1.176272358964981779e-03 -3.474589555561572590e-03
1.400000000000000000e+01 -3.141863246585160983e-04 2.493673082210114912e-05
1.500000000000000000e+01 1.012769246027808538e-03 -2.597308998497947947e-03
1.600000000000000000e+01 -2.988212219117564444e-04 1.781660275977376139e-05
1.700000000000000000e+01 8.896886570677529872e-04 -2.008453169124345926e-03
1.800000000000000000e+01 -2.865118724452034651e-04 1.133588180296171699e-05
1.900000000000000000e+01 7.936052595986987273e-04 -1.593894062278973858e-03
2.000000000000000000e+01 -2.769317233455145170e-04 5.145612093471024910e-06
2.100000000000000000e+01 7.164949597487894764e-04 -1.290976640920348147e-03
2.200000000000000000e+01 -2.697030847363220607e-04 -9.840025651116536700e-07
2.300000000000000000e+01 6.532548960901892778e-04 -1.062922949752462655e-03
2.400000000000000000e+01 -2.644876752713434440e-04 -7.218302831936762313e-06
2.500000000000000000e+01 6.004803560479104714e-04 -8.869693145113602449e-04
2.600000000000000000e+01 -2.610058841054684942e-04 -1.368674231543543258e-05
2.700000000000000000e+01 5.558111257661523972e-04 -7.484051748277898873e-04
2.800000000000000000e+01 -2.590344224859024913e-04 -2.049914431672848750e-05
2.900000000000000000e+01 5.175593986693759500e-04 -6.373773093989558436e-04
3.000000000000000000e+01 -2.583984237667787901e-04 -2.775575166561911901e-05
3.100000000000000000e+01 4.844868812258111362e-04 -5.470831362793069242e-04
3.200000000000000000e+01 -2.589631943726385566e-04 -3.555401526230110592e-05
3.300000000000000000e+01 4.556655393710765112e-04 -4.727028672673853774e-04
3.400000000000000000e+01 -2.606271473566190234e-04 -4.399366004609812409e-05
3.500000000000000000e+01 4.303874851023574378e-04 -4.107440237515806681e-04
3.600000000000000000e+01 -2.633162045140467408e-04 -5.318090040926552140e-05
3.700000000000000000e+01 4.081049059090304703e-04 -3.586257367622646981e-04
3.800000000000000000e+01 -2.669795589135026985e-04 -6.323234958517347909e-05
3.900000000000000000e+01 3.883890051525569270e-04 -3.144075146240932314e-04
4.000000000000000000e+01 -2.715865974858388382e-04 -7.427900844074632322e-05
4.100000000000000000e+01 3.709013445441166311e-04 -2.766077919030935045e-04
4.200000000000000000e+01 -2.771247943342541463e-04 -8.647065170889112109e-05
4.300000000000000000e+01 3.553735047674550212e-04 -2.440798214517174306e-04
4.400000000000000000e+01 -2.835984276219775187e-04 -9.998091949310302425e-05
4.500000000000000000e+01 3.415924737793320557e-04 -2.159250936735715887e-04
4.600000000000000000e+01 -2.910280212324563103e-04 -1.150134548203461985e-04
4.700000000000000000e+01 3.293900849262200708e-04 -1.914318566821806157e-04
4.800000000000000000e+01 -2.994504596636167275e-04 -1.318095018309013895e-04
4.900000000000000000e+01 3.186354025346300328e-04 -1.700307601581365203e-04
5.000000000000000000e+01 -3.089197706057050623e-04 -1.506575002662261268e-04
-5.000000000000000000e+01 3.092293278596175508e-04 -1.512623928452478848e-04
-4.900000000000000000e+01 -3.195086169016830347e-04 -1.719053950606600498e-04
-4.800000000000000000e+01 3.011009530448116893e-04 -1.347532191125871666e-04
-4.700000000000000000e+01 -3.313105923783925657e-04 -1.959766509312281036e-04
-4.600000000000000000e+01 2.942053736692126710e-04 -1.201975396295509657e-04
-4.500000000000000000e+01 -3.444434800656684197e-04 -2.233913627668886615e-04
-4.400000000000000000e+01 2.885228131804857708e-04 -1.073438378027012841e-04
-4.300000000000000000e+01 -3.590537147764882885e-04 -2.547944506872370693e-04
-4.200000000000000000e+01 2.840590378549606742e-04 -9.598436744784275010e-05
-4.100000000000000000e+01 -3.753224065770594366e-04 -2.909938329874353462e-04
-4.000000000000000000e+01 2.808471686072556831e-04 -8.594717470132328177e-05
-3.900000000000000000e+01 -3.934734455185009212e-04 -3.330128605005822908e-04
-3.800000000000000000e+01 2.789511469708699830e-04 -7.708998304458417787e-05
-3.700000000000000000e+01 -4.137844496070279803e-04 -3.821634743801334078e-04
-3.600000000000000000e+01 2.784713146206523092e-04 -6.929554000724163392e-05
-3.500000000000000000e+01 -4.366016841205593046e-04 -4.401500358910874033e-04
-3.400000000000000000e+01 2.795528611504353804e-04 -6.246815186290151183e-05
-3.300000000000000000e+01 -4.623606496128591491e-04 -5.092194905432495663e-04
-3.200000000000000000e+01 2.823983537939499765e-04 -5.653123635172214762e-05
-3.100000000000000000e+01 -4.916149443476480665e-04 -5.923831417226501457e-04
-3.000000000000000000e+01 2.872863095603493460e-04 -5.142581864892995294e-05
-2.900000000000000000e+01 -5.250774978770219323e-04 -6.937519639613556627e-04
-2.800000000000000000e+01 2.945990343000854934e-04 -4.710999947879586835e-05
-2.700000000000000000e+01 -5.636807964527163839e-04 -8.190572110091431978e-04
-2.600000000000000000e+01 3.048651761842742849e-04 -4.355956050321948154e-05
-2.500000000000000000e+01 -6.086671451453975644e-04 -9.764835198833275720e-04
-2.400000000000000000e+01 3.188265134675056286e-04 -4.077008254340948307e-05
-2.300000000000000000e+01 -6.617280813099633103e-04 -1.178049293172929749e-03
-2.200000000000000000e+01 3.375463030132303216e-04 -3.876131824330208964e-05
-2.100000000000000000e+01 -7.252274677503114117e-04 -1.441988454267321409e-03
-2.000000000000000000e+01 3.625922841015937186e-04 -3.758525708289284293e-05
-1.900000000000000000e+01 -8.025738739270808775e-04 -1.797061367134406831e-03
-1.800000000000000000e+01 3.963612955496966634e-04 -3.734075083326775712e-05
-1.700000000000000000e+01 -8.988747144591692625e-04 -2.290818619817228813e-03
-1.600000000000000000e+01 4.426907409693465675e-04 -3.820074653245022410e-05
-1.500000000000000000e+01 -1.022160267081601015e-03 -3.006596767379008696e-03
-1.400000000000000000e+01 5.081001613895685292e-04 -4.046591356368808395e-05
-1.300000000000000000e+01 -1.185865690394587342e-03 -4.101706748457712576e-03
-1.200000000000000000e+01 6.045675859948559114e-04 -4.467954834973031825e-05
-1.100000000000000000e+01 -1.414427375952461438e-03 -5.903725233445775156e-03
-1.000000000000000000e+01 7.565938429294440841e-04 -5.190534991416392678e-05
-9.000000000000000000e+00 -1.757909229097299715e-03 -9.194794327819610924e-03
-8.000000000000000000e+00 1.022803602060768724e-03 -6.452930951403697745e-05
-7.000000000000000000e+00 -2.339757682060155785e-03 -1.627151247656135821e-02
-6.000000000000000000e+00 1.584162868524683016e-03 -8.933970310332544555e-05
-5.000000000000000000e+00 -3.586273581521047093e-03 -3.681761740258372023e-02
-4.000000000000000000e+00 3.376790423870519153e-03 -1.583353857054379740e-04
-3.000000000000000000e+00 -9.143988668547063658e-03 -1.744348238034763854e-01
-2.000000000000000000e+00 -3.753740260122802042e-01 1.171850584953268090e-02
-1.000000000000000000e+00 4.864674799237256493e-03 4.192991745015238192e-01
