2.999999987760064712e+00 5.789870528946959528e-08
2.999999987288145764e+00 5.017327701818213228e-08
2.999999986255507789e+00 -7.780971589366645708e-09
2.999999985366432753e+00 6.310832039597396101e-08
2.999999985278316128e+00 -1.379811772355815679e-08
2.999999984838926270e+00 -2.059547624504799118e-08
2.999999984453206814e+00 3.946081923104736441e-08
2.999999984030771394e+00 -2.864898061692943683e-08
2.999999981852554232e+00 -3.795173406207202612e-08
2.999999979932340022e+00 6.640521846355850175e-08
2.999999979754387702e+00 2.560047944882337768e-08
2.999999977662274997e+00 -4.796306094520281185e-08
2.999999975850006440e+00 -2.359619855747990105e-09
2.999999973283035803e+00 1.257970030740049500e-08
2.999999971612530736e+00 6.820519040662929221e-08
2.999999971210603356e+00 -5.805996463844383809e-08
2.999999962453744562e+00 -6.769094551152027801e-08
2.999999960529671661e+00 6.871023463233865567e-08
2.999999951421850053e+00 -7.637395236738151316e-08
2.999999946668336470e+00 6.814888513581837478e-08
2.999999938143067535e+00 -8.363670540740493919e-08
2.999999929917963826e+00 6.695539710691029218e-08
2.999999922604101421e+00 -8.892052180699178290e-08
2.999999910164568462e+00 6.593326138490186218e-08
2.999999904721289745e+00 -9.142662231008636816e-08
2.999999887342316374e+00 6.642741081381585690e-08
2.999999884147191320e+00 -8.975986220960407991e-08
2.999999866705327367e+00 -2.441107001260878206e-08
2.999998140956263715e+00 -8.084904745686571914e-08
2.999974759259126600e+00 -9.970522647496061637e-07
2.999727313087558578e+00 -9.752987961942357505e-06
2.997827912416540563e+00 -6.695458826359837923e-05
2.987674000358694570e+00 -3.055484245119606274e-04
2.945037161517527036e+00 -1.218404550493070587e-03
2.890531360169835473e+00 7.233264793709841267e-02
2.889782266332641125e+00 -7.494621213578657459e-02
2.861239846822110966e+00 1.328954853519795365e-01
2.857572730046767262e+00 -1.329247104833501114e-01
2.828391824619385542e+00 1.952644681402694593e-01
2.826136892042836024e+00 -1.926865824749997014e-01
2.783811605499249886e+00 2.517930897563901982e-01
2.782969467490770565e+00 -2.486707426113632380e-01
2.730138728718809471e+00 -2.956234607984594698e-01
2.729967099277544662e+00 2.988641010507318008e-01
2.670053951130198389e+00 -3.319984220439636258e-01
2.669008937780163127e+00 3.351960772503078112e-01
2.604768097329628773e+00 -3.568846427149343081e-01
2.602891550655773489e+00 3.599144341583950801e-01
2.536316715677249256e+00 -3.696772784683023949e-01
2.533598218475732633e+00 3.724040042651898252e-01
2.466771076368527993e+00 -3.700857793713500654e-01
2.463163942451678690e+00 3.723242581415661667e-01
2.398196610202800727e+00 -3.581573042181352418e-01
2.393644476500198071e+00 3.596182992635293951e-01
2.332573546294071321e+00 -3.342764799262566422e-01
2.327076301560739857e+00 3.344982673399206630e-01
2.271694678037120774e+00 -2.991230748193657862e-01
2.265448977370021932e+00 2.973978517808269495e-01
2.217047430616726267e+00 -2.535558330989968190e-01
2.210720781302485616e+00 2.488549353709944012e-01
2.169722530993613230e+00 -1.983221111618403976e-01
2.165284354334708006e+00 1.889196167144531202e-01
2.134397795780127005e+00 1.225073976454468389e-01
2.133516804171522008e+00 5.687218711265741578e-02
2.130290854556722735e+00 -1.340726091910858508e-01
2.097421344654407882e+00 -5.525028662805502727e-02
2.013650716585552392e+00 5.028712488781972301e-02
2.004481816994915899e+00 4.168910609091294045e-02
1.997235848043154904e+00 -1.241963087189643968e-02
1.990761223735760588e+00 -5.652201123730590804e-02
1.985394385009060958e+00 9.672466286235718858e-02
1.981141639779577135e+00 -1.014759511222124433e-01
1.969531676894724637e+00 1.408359880390447072e-01
1.967502070828878846e+00 -1.451450704855483942e-01
1.951535791400775155e+00 1.833394830148609433e-01
1.950310531206668863e+00 -1.876197802829793204e-01
1.930431913943240207e+00 2.238293050812812657e-01
1.929378457554749682e+00 -2.282724286870252139e-01
1.906099238442983346e+00 2.623880833390139777e-01
1.904961527376721753e+00 -2.668641304038767981e-01
1.878597239968801125e+00 2.985572062867972165e-01
1.877130162707097316e+00 -3.030200263760022827e-01
1.848063512648595808e+00 3.321777350608155488e-01
1.846179644694269317e+00 -3.364579419340356092e-01
1.814685552364921683e+00 3.628628460558793178e-01
1.812300981019342672e+00 -3.668814499823798703e-01
1.778697697632753316e+00 3.904319717970878290e-01
1.775822637875878796e+00 -3.940285954271806612e-01
1.740367373190094824e+00 4.145741130009737430e-01
1.737012446723067871e+00 -4.176746963309890814e-01
1.699999016747612224e+00 4.351327420123873302e-01
1.696232330242021913e+00 -4.376037601037608415e-01
1.657913438378032511e+00 4.518729576023601258e-01
1.653803296032112069e+00 -4.536635486644418069e-01
1.614463899550844239e+00 4.646857082876955647e-01
1.610112514284148144e+00 -4.656963784122894467e-01
1.570004836412369098e+00 4.734147625110697311e-01
1.565515877698196112e+00 -4.736260256289880899e-01
1.524920380927957009e+00 4.780109122768640417e-01
1.520414631966357843e+00 -4.773594794317942425e-01
1.479581154757186434e+00 4.783981233146137879e-01
1.475183299581771967e+00 -4.768999573765368427e-01
1.434386029210573454e+00 4.745929303237896302e-01
1.430224462230977434e+00 -4.722213923131399760e-01
1.389705302483209115e+00 4.665994665558104160e-01
1.385915982740447472e+00 -4.634090823299151785e-01
1.345937822800752137e+00 4.545012948822919063e-01
1.342648187188923314e+00 -4.505025404783961074e-01
1.303437361705405806e+00 4.383811083058241076e-01
1.300787683050475652e+00 -4.336714173818891349e-01
1.262589439090778365e+00 4.183867671629801777e-01
1.260698517067007973e+00 -4.130157263037207982e-01
1.223714900429828889e+00 3.946767066722329242e-01
1.222722032822799898e+00 -3.887931876004836473e-01
1.187181662837909712e+00 -3.611550383878622816e-01
1.187174679524349186e+00 3.674560832873224880e-01
1.154379379960540630e+00 -3.304573535788092320e-01
1.153239089482408275e+00 3.369562622116247796e-01
1.124582956151025659e+00 -2.968880865955020321e-01
1.122236693299843990e+00 3.034267717200384018e-01
1.098036862013040516e+00 -2.609343547917508110e-01
1.094365426886755976e+00 2.671728716967429751e-01
1.074936257129125661e+00 -2.227997516959615842e-01
1.069921040250555677e+00 2.284634041267237514e-01
1.055422692225267189e+00 -1.832185743004097200e-01
1.048992081367503548e+00 1.876966295853600697e-01
1.039602239226298241e+00 -1.423920423479261010e-01
1.031863072000107406e+00 1.450950580576656213e-01
1.027250327423624876e+00 -1.018225787226035989e-01
1.018467188981775351e+00 -6.201208744821083696e-02
1.018406849214105181e+00 1.012712622264876766e-01
1.010383230190123882e+00 -2.804363657982507016e-02
1.009034606203027540e+00 5.607553006417445585e-02
1.003959225580711490e+00 -8.800701684164741537e-03
1.002713492932175710e+00 1.193309968362684520e-02
1.001051379790673268e+00 -1.990814792536888152e-03
1.000195849253997071e+00 -3.030897419563796744e-04
1.000026356093464575e+00 -3.304430953679227947e-05
1.000002295077656589e+00 -2.408891797061211392e-06
1.000000120333417453e+00 -1.387250122188225018e-07
9.999999628480616964e-01 1.920399673568357409e-08
9.999999625206451581e-01 -1.813789870740753390e-08
9.999999620669315359e-01 -1.567784382342784573e-08
9.999999620016338797e-01 1.582100099244268950e-08
9.999999614799301995e-01 1.170765224097522510e-08
9.999999614397396819e-01 -1.182218696682398755e-08
9.999999611325727233e-01 7.149575024660296053e-09
9.999999610833866237e-01 -7.310705594396353160e-09
9.999999609437224546e-01 2.352432116824303336e-09
9.999999609241334575e-01 -2.520120358055766285e-09
