0.000000000000000000e+00 -2.000000000000000000e+00 -3.737384439332210374e-17
1.000000000000000000e+00 -9.956662848617835637e-18 -1.889724684935453863e-18
2.000000000000000000e+00 -2.317308445019021179e-18 8.044374148527257116e-18
3.000000000000000000e+00 7.482239281485308733e-17 -4.209856733430432283e-17
4.000000000000000000e+00 -4.507684147241411130e-17 -9.286688602983414081e-18
5.000000000000000000e+00 7.201226094914623490e-17 3.553835923731516346e-17
6.000000000000000000e+00 5.948277556383986091e-17 3.857928717848568806e-17
7.000000000000000000e+00 -5.585443121521753389e-17 4.140922001852971656e-17
8.000000000000000000e+00 7.564623783079252862e-18 1.829126543472674726e-17
9.000000000000000000e+00 -6.745512666383962875e-17 -7.791653495838681964e-18
1.000000000000000000e+01 -4.873589412887498223e-17 1.113085784872390239e-17
1.100000000000000000e+01 2.686415882112229448e-17 -5.307967220425770594e-17
1.200000000000000000e+01 -1.056689649357319928e-17 5.398096290955299336e-17
1.300000000000000000e+01 4.132835371502320035e-17 1.096072263580126734e-17
1.400000000000000000e+01 4.075819646906605709e-17 2.112010580928189601e-17
1.500000000000000000e+01 -1.819627290248406720e-17 5.950054646587457805e-17
1.600000000000000000e+01 1.160398259726566857e-16 -9.672212243034743693e-17
1.700000000000000000e+01 -4.988028677513989176e-17 -7.446186236832175722e-18
1.800000000000000000e+01 1.011047492483064933e-17 -2.296316296727945404e-17
1.900000000000000000e+01 -4.118847986606906423e-18 -1.257933924895697977e-17
2.000000000000000000e+01 1.437057140967645478e-16 -6.398839769251395853e-18
2.100000000000000000e+01 2.566723558069464858e-17 1.829178752237606108e-18
2.200000000000000000e+01 4.985612728636449116e-17 5.061096520396758284e-17
2.300000000000000000e+01 2.926875241486107314e-17 -5.253386037069298245e-17
2.400000000000000000e+01 6.441136609229978619e-17 -3.677775165756420514e-17
2.500000000000000000e+01 -7.544923909277844113e-17 5.327352064432642832e-17
2.600000000000000000e+01 -2.709457452525555906e-17 1.879790904499051639e-17
2.700000000000000000e+01 -3.458563114310917100e-17 9.773205838555517254e-18
2.800000000000000000e+01 2.393326357668488249e-17 4.535173149879221197e-17
2.900000000000000000e+01 3.605597416421163122e-17 1.154652735475546536e-17
3.000000000000000000e+01 2.615330135826528966e-17 -1.935936109974137361e-17
3.100000000000000000e+01 1.707726101378488498e-17 -3.491063403894150083e-17
3.200000000000000000e+01 -2.877921084304738166e-17 7.885816553650243900e-17
3.300000000000000000e+01 2.488583104915360176e-18 -4.478437291613451737e-17
3.400000000000000000e+01 -2.190150835173426138e-17 3.637471267017822244e-17
3.500000000000000000e+01 -8.322834373064186275e-18 -9.209081952204712048e-17
3.600000000000000000e+01 -6.940213526352797230e-17 1.419321850919906756e-17
3.700000000000000000e+01 -2.118803315111709402e-17 8.397764209424134833e-17
3.800000000000000000e+01 5.037618487507875547e-17 4.279582153468181311e-17
3.900000000000000000e+01 -2.303057551185658266e-17 -3.481804131002585861e-18
4.000000000000000000e+01 -1.996059743464483883e-17 -2.773269405404579759e-17
4.100000000000000000e+01 -1.103023904975897698e-16 -6.382987361730899017e-17
4.200000000000000000e+01 3.827180611859803273e-18 3.580317521079563835e-17
4.300000000000000000e+01 3.314681400186340580e-17 -1.981522345519384613e-17
4.400000000000000000e+01 1.032223618789794220e-17 -6.077483554333642047e-17
4.500000000000000000e+01 -4.888714225129563223e-17 -2.794007804342104862e-17
4.600000000000000000e+01 -8.939113982847739725e-19 5.701308301854732436e-18
4.700000000000000000e+01 -5.585995571554395597e-17 -3.578887082955283584e-18
4.800000000000000000e+01 -2.592109806734493542e-18 5.121093189033857716e-17
4.900000000000000000e+01 1.974253824647903309e-17 -6.293925567108301479e-17
5.000000000000000000e+01 3.911513044982130402e-17 -1.779335637202416469e-17
-5.000000000000000000e+01 8.266653200779263279e-17 3.511281575113965720e-17
-4.900000000000000000e+01 -2.856559187220375300e-17 -7.347710087188923519e-18
-4.800000000000000000e+01 -6.685088036495561984e-17 -7.397918233347546427e-17
-4.700000000000000000e+01 2.691822056647251349e-18 -9.569624634688802446e-17
-4.600000000000000000e+01 -6.183556824639498870e-17 -3.019273998632179294e-18
-4.500000000000000000e+01 2.257261249136680220e-17 -2.634870357082982665e-17
-4.400000000000000000e+01 4.907591079710807995e-17 -2.931078894643874853e-17
-4.300000000000000000e+01 2.214540064259619570e-18 -6.803325223170316682e-17
-4.200000000000000000e+01 -4.118299497423859591e-17 -1.777059448395892373e-17
-4.100000000000000000e+01 -1.589975497251227537e-17 3.273844259248823411e-17
-4.000000000000000000e+01 2.452350046080569964e-17 2.064556963402086725e-18
-3.900000000000000000e+01 -1.618765504200921997e-17 -3.833360708463248498e-17
-3.800000000000000000e+01 -1.288720984633573355e-17 -2.322868471880740869e-17
-3.700000000000000000e+01 4.208142914332550457e-17 1.176674559502138854e-16
-3.600000000000000000e+01 2.217119080067673793e-17 -5.101951628141638759e-17
-3.500000000000000000e+01 3.952290912798431685e-17 4.765179083617407025e-17
-3.400000000000000000e+01 8.293409544114366552e-17 -2.806141202837182110e-17
-3.300000000000000000e+01 -3.182839505823752401e-17 -2.880318085823237942e-17
-3.200000000000000000e+01 -1.009303517341793117e-16 2.149851343037584409e-17
-3.100000000000000000e+01 1.281713744693484083e-19 2.745086184883059332e-18
-3.000000000000000000e+01 1.077962215266198685e-16 6.971845098712405056e-18
-2.900000000000000000e+01 -5.468883625642813880e-17 -4.338476736461828619e-17
-2.800000000000000000e+01 -4.233669743296210521e-18 1.211221376724390465e-16
-2.700000000000000000e+01 4.947470342606465081e-17 3.260707347981144575e-18
-2.600000000000000000e+01 -5.317519844200298201e-17 -4.338035134964156966e-17
-2.500000000000000000e+01 2.914996209835379695e-17 -3.941579201496046693e-17
-2.400000000000000000e+01 -1.416680510546150526e-16 -1.358167682698644408e-16
-2.300000000000000000e+01 1.716164871031859560e-17 -1.012322409039028070e-16
-2.200000000000000000e+01 5.983175506652146743e-17 1.948812354647860951e-17
-2.100000000000000000e+01 4.476563397116098367e-17 -5.895419858515039199e-18
-2.000000000000000000e+01 -4.489344973917118025e-17 4.008188406141722281e-17
-1.900000000000000000e+01 -8.290686129164068685e-18 -2.062674392904024045e-17
-1.800000000000000000e+01 2.065804579562104197e-18 3.163929280237949909e-17
-1.700000000000000000e+01 -1.464553647444532195e-17 -3.106150407623998478e-17
-1.600000000000000000e+01 -2.038922813468701205e-17 -7.019987363752167039e-17
-1.500000000000000000e+01 -5.199308843016049369e-17 -3.637033926920164273e-17
-1.400000000000000000e+01 5.918701607689574142e-17 1.308722691240865240e-16
-1.300000000000000000e+01 2.029171265510735239e-17 -1.742311207199511748e-17
-1.200000000000000000e+01 8.301520794499305055e-18 3.102383528942743969e-18
-1.100000000000000000e+01 2.749052316317210819e-19 7.960842153782981888e-17
-1.000000000000000000e+01 6.377579587448089285e-18 -6.358779830940889871e-17
-9.000000000000000000e+00 -5.525146836020059241e-18 -5.265688660825307115e-17
-8.000000000000000000e+00 -2.268160769268658205e-18 -2.125789293646033894e-17
-7.000000000000000000e+00 -1.064495967307086213e-16 -5.338910328292804720e-17
-6.000000000000000000e+00 -1.675620858229663815e-17 -3.229820886930511197e-18
-5.000000000000000000e+00 -7.339768679782237698e-18 4.424885195221183316e-17
-4.000000000000000000e+00 -1.600192959620910757e-17 2.120354264237974653e-17
-3.000000000000000000e+00 3.644740609244908628e-17 -5.622863816194788045e-17
-2.000000000000000000e+00 -8.637028106078257581e-17 4.458966482512147446e-17
-1.000000000000000000e+00 -5.032435223224728690e-17 -7.101849983446761398e-17
