1.000000000000000000e+00 0.000000000000000000e+00 2.000000000000000000e+00 0.000000000000000000e+00 3.000000000000000000e+00 0.000000000000000000e+00
1.000246719817134089e+00 1.570537953906414597e-02 1.999753280182865911e+00 -1.570537953906414597e-02 3.000000000000000000e+00 0.000000000000000000e+00
1.000986635785864109e+00 3.139525976465668694e-02 1.999013364214135891e+00 -3.139525976465668694e-02 3.000000000000000000e+00 0.000000000000000000e+00
1.002219017698460002e+00 4.705415665925716251e-02 1.997780982301539998e+00 -4.705415665925716251e-02 3.000000000000000000e+00 0.000000000000000000e+00
1.003942649342761007e+00 6.266661678215212916e-02 1.996057350657238993e+00 -6.266661678215212916e-02 3.000000000000000000e+00 0.000000000000000000e+00
1.006155829702431115e+00 7.821723252011543448e-02 1.993844170297568885e+00 -7.821723252011543448e-02 3.000000000000000000e+00 0.000000000000000000e+00
1.008856374635655584e+00 9.369065729286231436e-02 1.991143625364344416e+00 -9.369065729286231436e-02 3.000000000000000000e+00 0.000000000000000000e+00
1.012041619030626283e+00 1.090716206982712821e-01 1.987958380969373717e+00 -1.090716206982712821e-01 3.000000000000000000e+00 0.000000000000000000e+00
1.015708419435684462e+00 1.243449435824273974e-01 1.984291580564315538e+00 -1.243449435824273974e-01 3.000000000000000000e+00 0.000000000000000000e+00
1.019853157161528578e+00 1.394955530196146376e-01 1.980146842838471422e+00 -1.394955530196146376e-01 3.000000000000000000e+00 0.000000000000000000e+00
1.024471741852423179e+00 1.545084971874736979e-01 1.975528258147576821e+00 -1.545084971874736979e-01 3.000000000000000000e+00 0.000000000000000000e+00
1.029559615522887217e+00 1.693689601226457120e-01 1.970440384477112783e+00 -1.693689601226457120e-01 3.000000000000000000e+00 0.000000000000000000e+00
1.035111757055874326e+00 1.840622763423389874e-01 1.964888242944125674e+00 -1.840622763423389874e-01 3.000000000000000000e+00 0.000000000000000000e+00
1.041122687158009485e+00 1.985739453173903102e-01 1.958877312841990515e+00 -1.985739453173903102e-01 3.000000000000000000e+00 0.000000000000000000e+00
1.047586473766990212e+00 2.128896457825363575e-01 1.952413526233009788e+00 -2.128896457825363575e-01 3.000000000000000000e+00 0.000000000000000000e+00
1.054496737905816106e+00 2.269952498697734022e-01 1.945503262094183894e+00 -2.269952498697734022e-01 3.000000000000000000e+00 0.000000000000000000e+00
1.061846659978068264e+00 2.408768370508576617e-01 1.938153340021931736e+00 -2.408768370508576617e-01 3.000000000000000000e+00 0.000000000000000000e+00
1.069628986498028178e+00 2.545207078751856589e-01 1.930371013501971822e+00 -2.545207078751856589e-01 3.000000000000000000e+00 0.000000000000000000e+00
1.077836037248992351e+00 2.679133974894983283e-01 1.922163962751007649e+00 -2.679133974894983283e-01 3.000000000000000000e+00 0.000000000000000000e+00
1.086459712862719140e+00 2.810416889260652917e-01 1.913540287137280860e+00 -2.810416889260652917e-01 3.000000000000000000e+00 0.000000000000000000e+00
1.095491502812526274e+00 2.938926261462365686e-01 1.904508497187473726e+00 -2.938926261462365686e-01 3.000000000000000000e+00 0.000000000000000000e+00
1.104922493812154904e+00 3.064535268264882428e-01 1.895077506187845096e+00 -3.064535268264882428e-01 3.000000000000000000e+00 0.000000000000000000e+00
1.114743378612105484e+00 3.187119948743448727e-01 1.885256621387894516e+00 -3.187119948743448727e-01 3.000000000000000000e+00 0.000000000000000000e+00
1.124944465184770204e+00 3.306559326618259131e-01 1.875055534815229796e+00 -3.306559326618259131e-01 3.000000000000000000e+00 0.000000000000000000e+00
1.135515686289294113e+00 3.422735529643443630e-01 1.864484313710705887e+00 -3.422735529643443630e-01 3.000000000000000000e+00 0.000000000000000000e+00
1.146446609406726269e+00 3.535533905932737864e-01 1.853553390593273731e+00 -3.535533905932737864e-01 3.000000000000000000e+00 0.000000000000000000e+00
1.157726447035655637e+00 3.644843137107057762e-01 1.842273552964344363e+00 -3.644843137107057762e-01 3.000000000000000000e+00 0.000000000000000000e+00
1.169344067338174087e+00 3.750555348152297963e-01 1.830655932661825913e+00 -3.750555348152297963e-01 3.000000000000000000e+00 0.000000000000000000e+00
1.181288005125655127e+00 3.852566213878946266e-01 1.818711994874344873e+00 -3.852566213878946266e-01 3.000000000000000000e+00 0.000000000000000000e+00
1.193546473173511702e+00 3.950775061878452066e-01 1.806453526826488298e+00 -3.950775061878452066e-01 3.000000000000000000e+00 0.000000000000000000e+00
1.206107373853763542e+00 4.045084971874737256e-01 1.793892626146236458e+00 -4.045084971874737256e-01 3.000000000000000000e+00 0.000000000000000000e+00
1.218958311073934819e+00 4.135402871372809153e-01 1.781041688926065181e+00 -4.135402871372809153e-01 3.000000000000000000e+00 0.000000000000000000e+00
1.232086602510501727e+00 4.221639627510075377e-01 1.767913397489498273e+00 -4.221639627510075377e-01 3.000000000000000000e+00 0.000000000000000000e+00
1.245479292124814341e+00 4.303710135019718219e-01 1.754520707875185659e+00 -4.303710135019718219e-01 3.000000000000000000e+00 0.000000000000000000e+00
1.259123162949142394e+00 4.381533400219318475e-01 1.740876837050857606e+00 -4.381533400219318475e-01 3.000000000000000000e+00 0.000000000000000000e+00
1.273004750130226626e+00 4.455032620941838939e-01 1.726995249869773374e+00 -4.455032620941838939e-01 3.000000000000000000e+00 0.000000000000000000e+00
1.287110354217463559e+00 4.524135262330097884e-01 1.712889645782536441e+00 -4.524135262330097884e-01 3.000000000000000000e+00 0.000000000000000000e+00
1.301426054682609745e+00 4.588773128419905700e-01 1.698573945317390255e+00 -4.588773128419905700e-01 3.000000000000000000e+00 0.000000000000000000e+00
1.315937723657661040e+00 4.648882429441257291e-01 1.684062276342338960e+00 -4.648882429441257291e-01 3.000000000000000000e+00 0.000000000000000000e+00
1.330631039877354427e+00 4.704403844771127829e-01 1.669368960122645573e+00 -4.704403844771127829e-01 3.000000000000000000e+00 0.000000000000000000e+00
1.345491502812526274e+00 4.755282581475767656e-01 1.654508497187473726e+00 -4.755282581475767656e-01 3.000000000000000000e+00 0.000000000000000000e+00
1.360504446980385307e+00 4.801468428384715326e-01 1.639495553019614693e+00 -4.801468428384715326e-01 3.000000000000000000e+00 0.000000000000000000e+00
1.375655056417572686e+00 4.842915805643155380e-01 1.624344943582427314e+00 -4.842915805643155380e-01 3.000000000000000000e+00 0.000000000000000000e+00
1.390928379301728857e+00 4.879583809693737173e-01 1.609071620698271143e+00 -4.879583809693737173e-01 3.000000000000000000e+00 0.000000000000000000e+00
1.406309342707137811e+00 4.911436253643443606e-01 1.593690657292862189e+00 -4.911436253643443606e-01 3.000000000000000000e+00 0.000000000000000000e+00
1.421782767479884635e+00 4.938441702975688852e-01 1.578217232520115365e+00 -4.938441702975688852e-01 3.000000000000000000e+00 0.000000000000000000e+00
1.437333383217847871e+00 4.960573506572389380e-01 1.562666616782152129e+00 -4.960573506572389380e-01 3.000000000000000000e+00 0.000000000000000000e+00
1.452945843340742949e+00 4.977809823015399981e-01 1.547054156659257051e+00 -4.977809823015399981e-01 3.000000000000000000e+00 0.000000000000000000e+00
1.468604740235343264e+00 4.990133642141357795e-01 1.531395259764656736e+00 -4.990133642141357795e-01 3.000000000000000000e+00 0.000000000000000000e+00
1.484294620460935965e+00 4.997532801828658000e-01 1.515705379539064035e+00 -4.997532801828658000e-01 3.000000000000000000e+00 0.000000000000000000e+00
1.500000000000000000e+00 5.000000000000000000e-01 1.500000000000000000e+00 -5.000000000000000000e-01 3.000000000000000000e+00 0.000000000000000000e+00
1.515705379539064035e+00 4.997532801828658000e-01 1.484294620460935965e+00 -4.997532801828658000e-01 3.000000000000000000e+00 0.000000000000000000e+00
1.531395259764656736e+00 4.990133642141357795e-01 1.468604740235343264e+00 -4.990133642141357795e-01 3.000000000000000000e+00 0.000000000000000000e+00
1.547054156659257274e+00 4.977809823015399981e-01 1.452945843340742726e+00 -4.977809823015399981e-01 3.000000000000000000e+00 0.000000000000000000e+00
1.562666616782152129e+00 4.960573506572388824e-01 1.437333383217847871e+00 -4.960573506572388824e-01 3.000000000000000000e+00 0.000000000000000000e+00
1.578217232520115587e+00 4.938441702975688297e-01 1.421782767479884413e+00 -4.938441702975688297e-01 3.000000000000000000e+00 0.000000000000000000e+00
1.593690657292862412e+00 4.911436253643443051e-01 1.406309342707137588e+00 -4.911436253643443051e-01 3.000000000000000000e+00 0.000000000000000000e+00
1.609071620698271365e+00 4.879583809693737173e-01 1.390928379301728635e+00 -4.879583809693737173e-01 3.000000000000000000e+00 0.000000000000000000e+00
1.624344943582427536e+00 4.842915805643155380e-01 1.375655056417572464e+00 -4.842915805643155380e-01 3.000000000000000000e+00 0.000000000000000000e+00
1.639495553019614693e+00 4.801468428384715326e-01 1.360504446980385307e+00 -4.801468428384715326e-01 3.000000000000000000e+00 0.000000000000000000e+00
1.654508497187473726e+00 4.755282581475767656e-01 1.345491502812526274e+00 -4.755282581475767656e-01 3.000000000000000000e+00 0.000000000000000000e+00
1.669368960122645795e+00 4.704403844771127274e-01 1.330631039877354205e+00 -4.704403844771127274e-01 3.000000000000000000e+00 0.000000000000000000e+00
1.684062276342338960e+00 4.648882429441256736e-01 1.315937723657661040e+00 -4.648882429441256736e-01 3.000000000000000000e+00 0.000000000000000000e+00
1.698573945317390255e+00 4.588773128419905700e-01 1.301426054682609745e+00 -4.588773128419905700e-01 3.000000000000000000e+00 0.000000000000000000e+00
1.712889645782536441e+00 4.524135262330097329e-01 1.287110354217463559e+00 -4.524135262330097329e-01 3.000000000000000000e+00 0.000000000000000000e+00
1.726995249869773374e+00 4.455032620941839494e-01 1.273004750130226626e+00 -4.455032620941839494e-01 3.000000000000000000e+00 0.000000000000000000e+00
1.740876837050857606e+00 4.381533400219317365e-01 1.259123162949142394e+00 -4.381533400219317365e-01 3.000000000000000000e+00 0.000000000000000000e+00
1.754520707875185659e+00 4.303710135019718219e-01 1.245479292124814341e+00 -4.303710135019718219e-01 3.000000000000000000e+00 0.000000000000000000e+00
1.767913397489498495e+00 4.221639627510074821e-01 1.232086602510501505e+00 -4.221639627510074821e-01 3.000000000000000000e+00 0.000000000000000000e+00
1.781041688926065403e+00 4.135402871372808598e-01 1.218958311073934597e+00 -4.135402871372808598e-01 3.000000000000000000e+00 0.000000000000000000e+00
1.793892626146236458e+00 4.045084971874737256e-01 1.206107373853763542e+00 -4.045084971874737256e-01 3.000000000000000000e+00 0.000000000000000000e+00
1.806453526826488298e+00 3.950775061878451511e-01 1.193546473173511702e+00 -3.950775061878451511e-01 3.000000000000000000e+00 0.000000000000000000e+00
1.818711994874344873e+00 3.852566213878946266e-01 1.181288005125655127e+00 -3.852566213878946266e-01 3.000000000000000000e+00 0.000000000000000000e+00
1.830655932661826135e+00 3.750555348152296853e-01 1.169344067338173865e+00 -3.750555348152296853e-01 3.000000000000000000e+00 0.000000000000000000e+00
1.842273552964344363e+00 3.644843137107057207e-01 1.157726447035655637e+00 -3.644843137107057207e-01 3.000000000000000000e+00 0.000000000000000000e+00
1.853553390593273731e+00 3.535533905932737864e-01 1.146446609406726269e+00 -3.535533905932737864e-01 3.000000000000000000e+00 0.000000000000000000e+00
1.864484313710705887e+00 3.422735529643442520e-01 1.135515686289294113e+00 -3.422735529643442520e-01 3.000000000000000000e+00 0.000000000000000000e+00
1.875055534815229796e+00 3.306559326618259131e-01 1.124944465184770204e+00 -3.306559326618259131e-01 3.000000000000000000e+00 0.000000000000000000e+00
1.885256621387894738e+00 3.187119948743447617e-01 1.114743378612105262e+00 -3.187119948743447617e-01 3.000000000000000000e+00 0.000000000000000000e+00
1.895077506187845096e+00 3.064535268264881873e-01 1.104922493812154904e+00 -3.064535268264881873e-01 3.000000000000000000e+00 0.000000000000000000e+00
1.904508497187473726e+00 2.938926261462366241e-01 1.095491502812526274e+00 -2.938926261462366241e-01 3.000000000000000000e+00 0.000000000000000000e+00
1.913540287137280860e+00 2.810416889260652362e-01 1.086459712862719140e+00 -2.810416889260652362e-01 3.000000000000000000e+00 0.000000000000000000e+00
1.922163962751007649e+00 2.679133974894983283e-01 1.077836037248992351e+00 -2.679133974894983283e-01 3.000000000000000000e+00 0.000000000000000000e+00
1.930371013501971822e+00 2.545207078751855478e-01 1.069628986498028178e+00 -2.545207078751855478e-01 3.000000000000000000e+00 0.000000000000000000e+00
1.938153340021931736e+00 2.408768370508576062e-01 1.061846659978068264e+00 -2.408768370508576062e-01 3.000000000000000000e+00 0.000000000000000000e+00
1.945503262094184116e+00 2.269952498697732357e-01 1.054496737905815884e+00 -2.269952498697732357e-01 3.000000000000000000e+00 0.000000000000000000e+00
1.952413526233009788e+00 2.128896457825362465e-01 1.047586473766990212e+00 -2.128896457825362465e-01 3.000000000000000000e+00 0.000000000000000000e+00
1.958877312841990515e+00 1.985739453173903102e-01 1.041122687158009485e+00 -1.985739453173903102e-01 3.000000000000000000e+00 0.000000000000000000e+00
1.964888242944125674e+00 1.840622763423388764e-01 1.035111757055874326e+00 -1.840622763423388764e-01 3.000000000000000000e+00 0.000000000000000000e+00
1.970440384477112783e+00 1.693689601226456565e-01 1.029559615522887217e+00 -1.693689601226456565e-01 3.000000000000000000e+00 0.000000000000000000e+00
1.975528258147576821e+00 1.545084971874735591e-01 1.024471741852423179e+00 -1.545084971874735591e-01 3.000000000000000000e+00 0.000000000000000000e+00
1.980146842838471422e+00 1.394955530196145543e-01 1.019853157161528578e+00 -1.394955530196145543e-01 3.000000000000000000e+00 0.000000000000000000e+00
1.984291580564315538e+00 1.243449435824274113e-01 1.015708419435684462e+00 -1.243449435824274113e-01 3.000000000000000000e+00 0.000000000000000000e+00
1.987958380969373717e+00 1.090716206982711572e-01 1.012041619030626283e+00 -1.090716206982711572e-01 3.000000000000000000e+00 0.000000000000000000e+00
1.991143625364344416e+00 9.369065729286228661e-02 1.008856374635655584e+00 -9.369065729286228661e-02 3.000000000000000000e+00 0.000000000000000000e+00
1.993844170297568885e+00 7.821723252011526795e-02 1.006155829702431115e+00 -7.821723252011526795e-02 3.000000000000000000e+00 0.000000000000000000e+00
1.996057350657238993e+00 6.266661678215204589e-02 1.003942649342761007e+00 -6.266661678215204589e-02 3.000000000000000000e+00 0.000000000000000000e+00
1.997780982301539998e+00 4.705415665925717639e-02 1.002219017698460002e+00 -4.705415665925717639e-02 3.000000000000000000e+00 0.000000000000000000e+00
1.999013364214135891e+00 3.139525976465656898e-02 1.000986635785864109e+00 -3.139525976465656898e-02 3.000000000000000000e+00 0.000000000000000000e+00
1.999753280182865911e+00 1.570537953906411821e-02 1.000246719817134089e+00 -1.570537953906411821e-02 3.000000000000000000e+00 0.000000000000000000e+00
2.000000000000000000e+00 6.123233995736766036e-17 1.000000000000000000e+00 -6.123233995736766036e-17 3.000000000000000000e+00 0.000000000000000000e+00
