1.000000000000000000e+00 0.000000000000000000e+00 2.000000000000000000e+00 0.000000000000000000e+00 3.000000000000000000e+00 0.000000000000000000e+00
1.002219017698460002e+00 4.705415665925716251e-02 1.997780982301539998e+00 -4.705415665925716251e-02 3.000000000000000000e+00 0.000000000000000000e+00
1.008856374635655584e+00 9.369065729286231436e-02 1.991143625364344416e+00 -9.369065729286231436e-02 3.000000000000000000e+00 0.000000000000000000e+00
1.019853157161528578e+00 1.394955530196146376e-01 1.980146842838471422e+00 -1.394955530196146376e-01 3.000000000000000000e+00 0.000000000000000000e+00
1.035111757055874326e+00 1.840622763423389874e-01 1.964888242944125674e+00 -1.840622763423389874e-01 3.000000000000000000e+00 0.000000000000000000e+00
1.054496737905816106e+00 2.269952498697733745e-01 1.945503262094183894e+00 -2.269952498697733745e-01 3.000000000000000000e+00 0.000000000000000000e+00
1.077836037248992351e+00 2.679133974894983283e-01 1.922163962751007649e+00 -2.679133974894983283e-01 3.000000000000000000e+00 0.000000000000000000e+00
1.104922493812154904e+00 3.064535268264882428e-01 1.895077506187845096e+00 -3.064535268264882428e-01 3.000000000000000000e+00 0.000000000000000000e+00
1.135515686289294113e+00 3.422735529643443630e-01 1.864484313710705887e+00 -3.422735529643443630e-01 3.000000000000000000e+00 0.000000000000000000e+00
1.169344067338174087e+00 3.750555348152297963e-01 1.830655932661825913e+00 -3.750555348152297963e-01 3.000000000000000000e+00 0.000000000000000000e+00
1.206107373853763320e+00 4.045084971874737256e-01 1.793892626146236680e+00 -4.045084971874737256e-01 3.000000000000000000e+00 0.000000000000000000e+00
1.245479292124814341e+00 4.303710135019718219e-01 1.754520707875185659e+00 -4.303710135019718219e-01 3.000000000000000000e+00 0.000000000000000000e+00
1.287110354217463559e+00 4.524135262330097884e-01 1.712889645782536441e+00 -4.524135262330097884e-01 3.000000000000000000e+00 0.000000000000000000e+00
1.330631039877354427e+00 4.704403844771127829e-01 1.669368960122645573e+00 -4.704403844771127829e-01 3.000000000000000000e+00 0.000000000000000000e+00
1.375655056417572686e+00 4.842915805643155380e-01 1.624344943582427314e+00 -4.842915805643155380e-01 3.000000000000000000e+00 0.000000000000000000e+00
1.421782767479884635e+00 4.938441702975688852e-01 1.578217232520115365e+00 -4.938441702975688852e-01 3.000000000000000000e+00 0.000000000000000000e+00
1.468604740235343264e+00 4.990133642141357795e-01 1.531395259764656736e+00 -4.990133642141357795e-01 3.000000000000000000e+00 0.000000000000000000e+00
1.515705379539064257e+00 4.997532801828658000e-01 1.484294620460935743e+00 -4.997532801828658000e-01 3.000000000000000000e+00 0.000000000000000000e+00
1.562666616782152129e+00 4.960573506572388824e-01 1.437333383217847871e+00 -4.960573506572388824e-01 3.000000000000000000e+00 0.000000000000000000e+00
1.609071620698271365e+00 4.879583809693737173e-01 1.390928379301728635e+00 -4.879583809693737173e-01 3.000000000000000000e+00 0.000000000000000000e+00
1.654508497187473726e+00 4.755282581475768211e-01 1.345491502812526274e+00 -4.755282581475768211e-01 3.000000000000000000e+00 0.000000000000000000e+00
1.698573945317390255e+00 4.588773128419905700e-01 1.301426054682609745e+00 -4.588773128419905700e-01 3.000000000000000000e+00 0.000000000000000000e+00
1.740876837050857606e+00 4.381533400219317365e-01 1.259123162949142394e+00 -4.381533400219317365e-01 3.000000000000000000e+00 0.000000000000000000e+00
1.781041688926065403e+00 4.135402871372808598e-01 1.218958311073934597e+00 -4.135402871372808598e-01 3.000000000000000000e+00 0.000000000000000000e+00
1.818711994874344873e+00 3.852566213878946266e-01 1.181288005125655127e+00 -3.852566213878946266e-01 3.000000000000000000e+00 0.000000000000000000e+00
1.853553390593273953e+00 3.535533905932736198e-01 1.146446609406726047e+00 -3.535533905932736198e-01 3.000000000000000000e+00 0.000000000000000000e+00
1.885256621387894738e+00 3.187119948743447617e-01 1.114743378612105262e+00 -3.187119948743447617e-01 3.000000000000000000e+00 0.000000000000000000e+00
1.913540287137280860e+00 2.810416889260652362e-01 1.086459712862719140e+00 -2.810416889260652362e-01 3.000000000000000000e+00 0.000000000000000000e+00
1.938153340021931736e+00 2.408768370508576062e-01 1.061846659978068264e+00 -2.408768370508576062e-01 3.000000000000000000e+00 0.000000000000000000e+00
1.958877312841990515e+00 1.985739453173903102e-01 1.041122687158009485e+00 -1.985739453173903102e-01 3.000000000000000000e+00 0.000000000000000000e+00
1.975528258147576821e+00 1.545084971874735591e-01 1.024471741852423179e+00 -1.545084971874735591e-01 3.000000000000000000e+00 0.000000000000000000e+00
1.987958380969373717e+00 1.090716206982711572e-01 1.012041619030626283e+00 -1.090716206982711572e-01 3.000000000000000000e+00 0.000000000000000000e+00
1.996057350657238993e+00 6.266661678215204589e-02 1.003942649342761007e+00 -6.266661678215204589e-02 3.000000000000000000e+00 0.000000000000000000e+00
1.999753280182865911e+00 1.570537953906411821e-02 1.000246719817134089e+00 -1.570537953906411821e-02 3.000000000000000000e+00 0.000000000000000000e+00
1.999013364214135891e+00 -3.139525976465699919e-02 1.000986635785864109e+00 3.139525976465699919e-02 3.000000000000000000e+00 0.000000000000000000e+00
1.993844170297568885e+00 -7.821723252011548999e-02 1.006155829702431115e+00 7.821723252011548999e-02 3.000000000000000000e+00 0.000000000000000000e+00
1.984291580564315538e+00 -1.243449435824275084e-01 1.015708419435684462e+00 1.243449435824275084e-01 3.000000000000000000e+00 0.000000000000000000e+00
1.970440384477112783e+00 -1.693689601226458508e-01 1.029559615522887217e+00 1.693689601226458508e-01 3.000000000000000000e+00 0.000000000000000000e+00
1.952413526233009566e+00 -2.128896457825365518e-01 1.047586473766990434e+00 2.128896457825365518e-01 3.000000000000000000e+00 0.000000000000000000e+00
1.930371013501971600e+00 -2.545207078751859364e-01 1.069628986498028400e+00 2.545207078751859364e-01 3.000000000000000000e+00 0.000000000000000000e+00
1.904508497187473726e+00 -2.938926261462365686e-01 1.095491502812526274e+00 2.938926261462365686e-01 3.000000000000000000e+00 0.000000000000000000e+00
1.875055534815229796e+00 -3.306559326618260242e-01 1.124944465184770204e+00 3.306559326618260242e-01 3.000000000000000000e+00 0.000000000000000000e+00
1.842273552964344141e+00 -3.644843137107058872e-01 1.157726447035655859e+00 3.644843137107058872e-01 3.000000000000000000e+00 0.000000000000000000e+00
1.806453526826488076e+00 -3.950775061878453176e-01 1.193546473173511924e+00 3.950775061878453176e-01 3.000000000000000000e+00 0.000000000000000000e+00
1.767913397489498051e+00 -4.221639627510076487e-01 1.232086602510501949e+00 4.221639627510076487e-01 3.000000000000000000e+00 0.000000000000000000e+00
1.726995249869773152e+00 -4.455032620941840604e-01 1.273004750130226848e+00 4.455032620941840604e-01 3.000000000000000000e+00 0.000000000000000000e+00
1.684062276342338960e+00 -4.648882429441257846e-01 1.315937723657661040e+00 4.648882429441257846e-01 3.000000000000000000e+00 0.000000000000000000e+00
1.639495553019614471e+00 -4.801468428384715881e-01 1.360504446980385529e+00 4.801468428384715881e-01 3.000000000000000000e+00 0.000000000000000000e+00
1.593690657292862189e+00 -4.911436253643444161e-01 1.406309342707137811e+00 4.911436253643444161e-01 3.000000000000000000e+00 0.000000000000000000e+00
1.547054156659256829e+00 -4.977809823015400537e-01 1.452945843340743171e+00 4.977809823015400537e-01 3.000000000000000000e+00 0.000000000000000000e+00
1.499999999999999556e+00 -5.000000000000000000e-01 1.500000000000000444e+00 5.000000000000000000e-01 3.000000000000000000e+00 0.000000000000000000e+00
1.452945843340742726e+00 -4.977809823015399981e-01 1.547054156659257274e+00 4.977809823015399981e-01 3.000000000000000000e+00 0.000000000000000000e+00
1.406309342707137588e+00 -4.911436253643443051e-01 1.593690657292862412e+00 4.911436253643443051e-01 3.000000000000000000e+00 0.000000000000000000e+00
1.360504446980385085e+00 -4.801468428384714771e-01 1.639495553019614915e+00 4.801468428384714771e-01 3.000000000000000000e+00 0.000000000000000000e+00
1.315937723657660818e+00 -4.648882429441255626e-01 1.684062276342339182e+00 4.648882429441255626e-01 3.000000000000000000e+00 0.000000000000000000e+00
1.273004750130226181e+00 -4.455032620941837829e-01 1.726995249869773819e+00 4.455032620941837829e-01 3.000000000000000000e+00 0.000000000000000000e+00
1.232086602510501283e+00 -4.221639627510072601e-01 1.767913397489498717e+00 4.221639627510072601e-01 3.000000000000000000e+00 0.000000000000000000e+00
1.193546473173511480e+00 -3.950775061878450400e-01 1.806453526826488520e+00 3.950775061878450400e-01 3.000000000000000000e+00 0.000000000000000000e+00
1.157726447035655415e+00 -3.644843137107056097e-01 1.842273552964344585e+00 3.644843137107056097e-01 3.000000000000000000e+00 0.000000000000000000e+00
1.124944465184770204e+00 -3.306559326618258021e-01 1.875055534815229796e+00 3.306559326618258021e-01 3.000000000000000000e+00 0.000000000000000000e+00
1.095491502812526052e+00 -2.938926261462362910e-01 1.904508497187473948e+00 2.938926261462362910e-01 3.000000000000000000e+00 0.000000000000000000e+00
1.069628986498027956e+00 -2.545207078751852148e-01 1.930371013501972044e+00 2.545207078751852148e-01 3.000000000000000000e+00 0.000000000000000000e+00
1.047586473766989990e+00 -2.128896457825361077e-01 1.952413526233010010e+00 2.128896457825361077e-01 3.000000000000000000e+00 0.000000000000000000e+00
1.029559615522887217e+00 -1.693689601226455177e-01 1.970440384477112783e+00 1.693689601226455177e-01 3.000000000000000000e+00 0.000000000000000000e+00
1.015708419435684462e+00 -1.243449435824272448e-01 1.984291580564315538e+00 1.243449435824272448e-01 3.000000000000000000e+00 0.000000000000000000e+00
1.006155829702431115e+00 -7.821723252011554550e-02 1.993844170297568885e+00 7.821723252011554550e-02 3.000000000000000000e+00 0.000000000000000000e+00
1.000986635785864109e+00 -3.139525976465618734e-02 1.999013364214135891e+00 3.139525976465618734e-02 3.000000000000000000e+00 0.000000000000000000e+00
1.000246719817134311e+00 -1.570537953906462128e-02 1.999753280182865689e+00 1.570537953906462128e-02 3.000000000000000000e+00 0.000000000000000000e+00
1.003942649342761229e+00 -6.266661678215298958e-02 1.996057350657238771e+00 6.266661678215298958e-02 3.000000000000000000e+00 0.000000000000000000e+00
1.012041619030626283e+00 -1.090716206982718789e-01 1.987958380969373717e+00 1.090716206982718789e-01 3.000000000000000000e+00 0.000000000000000000e+00
1.024471741852423401e+00 -1.545084971874740309e-01 1.975528258147576599e+00 1.545084971874740309e-01 3.000000000000000000e+00 0.000000000000000000e+00
1.041122687158009708e+00 -1.985739453173909763e-01 1.958877312841990292e+00 1.985739453173909763e-01 3.000000000000000000e+00 0.000000000000000000e+00
1.061846659978068486e+00 -2.408768370508580503e-01 1.938153340021931514e+00 2.408768370508580503e-01 3.000000000000000000e+00 0.000000000000000000e+00
1.086459712862719584e+00 -2.810416889260660134e-01 1.913540287137280416e+00 2.810416889260660134e-01 3.000000000000000000e+00 0.000000000000000000e+00
1.114743378612105706e+00 -3.187119948743453168e-01 1.885256621387894294e+00 3.187119948743453168e-01 3.000000000000000000e+00 0.000000000000000000e+00
1.146446609406726491e+00 -3.535533905932740084e-01 1.853553390593273509e+00 3.535533905932740084e-01 3.000000000000000000e+00 0.000000000000000000e+00
1.181288005125655793e+00 -3.852566213878950707e-01 1.818711994874344207e+00 3.852566213878950707e-01 3.000000000000000000e+00 0.000000000000000000e+00
1.218958311073935041e+00 -4.135402871372811373e-01 1.781041688926064959e+00 4.135402871372811373e-01 3.000000000000000000e+00 0.000000000000000000e+00
1.259123162949143060e+00 -4.381533400219321805e-01 1.740876837050856940e+00 4.381533400219321805e-01 3.000000000000000000e+00 0.000000000000000000e+00
1.301426054682610189e+00 -4.588773128419907921e-01 1.698573945317389811e+00 4.588773128419907921e-01 3.000000000000000000e+00 0.000000000000000000e+00
1.345491502812526496e+00 -4.755282581475768766e-01 1.654508497187473504e+00 4.755282581475768766e-01 3.000000000000000000e+00 0.000000000000000000e+00
1.390928379301729523e+00 -4.879583809693738283e-01 1.609071620698270477e+00 4.879583809693738283e-01 3.000000000000000000e+00 0.000000000000000000e+00
1.437333383217848315e+00 -4.960573506572389380e-01 1.562666616782151685e+00 4.960573506572389380e-01 3.000000000000000000e+00 0.000000000000000000e+00
1.484294620460936631e+00 -4.997532801828658000e-01 1.515705379539063369e+00 4.997532801828658000e-01 3.000000000000000000e+00 0.000000000000000000e+00
1.531395259764657180e+00 -4.990133642141357795e-01 1.468604740235342820e+00 4.990133642141357795e-01 3.000000000000000000e+00 0.000000000000000000e+00
1.578217232520116475e+00 -4.938441702975687186e-01 1.421782767479883525e+00 4.938441702975687186e-01 3.000000000000000000e+00 0.000000000000000000e+00
1.624344943582427980e+00 -4.842915805643153715e-01 1.375655056417572020e+00 4.842915805643153715e-01 3.000000000000000000e+00 0.000000000000000000e+00
1.669368960122646017e+00 -4.704403844771125609e-01 1.330631039877353983e+00 4.704403844771125609e-01 3.000000000000000000e+00 0.000000000000000000e+00
1.712889645782537107e+00 -4.524135262330093998e-01 1.287110354217462893e+00 4.524135262330093998e-01 3.000000000000000000e+00 0.000000000000000000e+00
1.754520707875186103e+00 -4.303710135019715444e-01 1.245479292124813897e+00 4.303710135019715444e-01 3.000000000000000000e+00 0.000000000000000000e+00
1.793892626146237346e+00 -4.045084971874731705e-01 1.206107373853762654e+00 4.045084971874731705e-01 3.000000000000000000e+00 0.000000000000000000e+00
1.830655932661826579e+00 -3.750555348152293522e-01 1.169344067338173421e+00 3.750555348152293522e-01 3.000000000000000000e+00 0.000000000000000000e+00
1.864484313710706109e+00 -3.422735529643439745e-01 1.135515686289293891e+00 3.422735529643439745e-01 3.000000000000000000e+00 0.000000000000000000e+00
1.895077506187845540e+00 -3.064535268264875767e-01 1.104922493812154460e+00 3.064535268264875767e-01 3.000000000000000000e+00 0.000000000000000000e+00
1.922163962751007871e+00 -2.679133974894978287e-01 1.077836037248992129e+00 2.679133974894978287e-01 3.000000000000000000e+00 0.000000000000000000e+00
1.945503262094184338e+00 -2.269952498697725418e-01 1.054496737905815662e+00 2.269952498697725418e-01 3.000000000000000000e+00 0.000000000000000000e+00
1.964888242944125896e+00 -1.840622763423383490e-01 1.035111757055874104e+00 1.840622763423383490e-01 3.000000000000000000e+00 0.000000000000000000e+00
1.980146842838471644e+00 -1.394955530196142213e-01 1.019853157161528356e+00 1.394955530196142213e-01 3.000000000000000000e+00 0.000000000000000000e+00
1.991143625364344416e+00 -9.369065729286150945e-02 1.008856374635655584e+00 9.369065729286150945e-02 3.000000000000000000e+00 0.000000000000000000e+00
1.997780982301539998e+00 -4.705415665925660740e-02 1.002219017698460002e+00 4.705415665925660740e-02 3.000000000000000000e+00 0.000000000000000000e+00
2.000000000000000000e+00 6.123233995736766036e-17 1.000000000000000000e+00 -6.123233995736766036e-17 3.000000000000000000e+00 0.000000000000000000e+00
