1.000000000000000000e+00 0.000000000000000000e+00 2.000000000000000000e+00 0.000000000000000000e+00 3.000000000000000000e+00 0.000000000000000000e+00
1.006155829702431115e+00 7.821723252011543448e-02 1.993844170297568885e+00 -7.821723252011543448e-02 3.000000000000000000e+00 0.000000000000000000e+00
1.024471741852423179e+00 1.545084971874736979e-01 1.975528258147576821e+00 -1.545084971874736979e-01 3.000000000000000000e+00 0.000000000000000000e+00
1.054496737905816106e+00 2.269952498697734022e-01 1.945503262094183894e+00 -2.269952498697734022e-01 3.000000000000000000e+00 0.000000000000000000e+00
1.095491502812526274e+00 2.938926261462365686e-01 1.904508497187473726e+00 -2.938926261462365686e-01 3.000000000000000000e+00 0.000000000000000000e+00
1.146446609406726269e+00 3.535533905932737309e-01 1.853553390593273731e+00 -3.535533905932737309e-01 3.000000000000000000e+00 0.000000000000000000e+00
1.206107373853763542e+00 4.045084971874737256e-01 1.793892626146236458e+00 -4.045084971874737256e-01 3.000000000000000000e+00 0.000000000000000000e+00
1.273004750130226626e+00 4.455032620941839494e-01 1.726995249869773374e+00 -4.455032620941839494e-01 3.000000000000000000e+00 0.000000000000000000e+00
1.345491502812526274e+00 4.755282581475767656e-01 1.654508497187473726e+00 -4.755282581475767656e-01 3.000000000000000000e+00 0.000000000000000000e+00
1.421782767479884635e+00 4.938441702975688852e-01 1.578217232520115365e+00 -4.938441702975688852e-01 3.000000000000000000e+00 0.000000000000000000e+00
1.500000000000000000e+00 5.000000000000000000e-01 1.500000000000000000e+00 -5.000000000000000000e-01 3.000000000000000000e+00 0.000000000000000000e+00
1.578217232520115587e+00 4.938441702975688297e-01 1.421782767479884413e+00 -4.938441702975688297e-01 3.000000000000000000e+00 0.000000000000000000e+00
1.654508497187473726e+00 4.755282581475767656e-01 1.345491502812526274e+00 -4.755282581475767656e-01 3.000000000000000000e+00 0.000000000000000000e+00
1.726995249869773374e+00 4.455032620941839494e-01 1.273004750130226626e+00 -4.455032620941839494e-01 3.000000000000000000e+00 0.000000000000000000e+00
1.793892626146236680e+00 4.045084971874736146e-01 1.206107373853763320e+00 -4.045084971874736146e-01 3.000000000000000000e+00 0.000000000000000000e+00
1.853553390593273953e+00 3.535533905932736198e-01 1.146446609406726047e+00 -3.535533905932736198e-01 3.000000000000000000e+00 0.000000000000000000e+00
1.904508497187473726e+00 2.938926261462366241e-01 1.095491502812526274e+00 -2.938926261462366241e-01 3.000000000000000000e+00 0.000000000000000000e+00
1.945503262094184116e+00 2.269952498697732357e-01 1.054496737905815884e+00 -2.269952498697732357e-01 3.000000000000000000e+00 0.000000000000000000e+00
1.975528258147576821e+00 1.545084971874737534e-01 1.024471741852423179e+00 -1.545084971874737534e-01 3.000000000000000000e+00 0.000000000000000000e+00
1.993844170297568885e+00 7.821723252011526795e-02 1.006155829702431115e+00 -7.821723252011526795e-02 3.000000000000000000e+00 0.000000000000000000e+00
2.000000000000000000e+00 6.123233995736766036e-17 1.000000000000000000e+00 -6.123233995736766036e-17 3.000000000000000000e+00 0.000000000000000000e+00
1.993844170297568885e+00 7.821723252011560101e-02 1.006155829702431115e+00 -7.821723252011560101e-02 3.000000000000000000e+00 0.000000000000000000e+00
1.975528258147576821e+00 1.545084971874739754e-01 1.024471741852423179e+00 -1.545084971874739754e-01 3.000000000000000000e+00 0.000000000000000000e+00
1.945503262094183894e+00 2.269952498697734855e-01 1.054496737905816106e+00 -2.269952498697734855e-01 3.000000000000000000e+00 0.000000000000000000e+00
1.904508497187473504e+00 2.938926261462367351e-01 1.095491502812526496e+00 -2.938926261462367351e-01 3.000000000000000000e+00 0.000000000000000000e+00
1.853553390593273509e+00 3.535533905932740084e-01 1.146446609406726491e+00 -3.535533905932740084e-01 3.000000000000000000e+00 0.000000000000000000e+00
1.793892626146236458e+00 4.045084971874738367e-01 1.206107373853763542e+00 -4.045084971874738367e-01 3.000000000000000000e+00 0.000000000000000000e+00
1.726995249869773152e+00 4.455032620941840604e-01 1.273004750130226848e+00 -4.455032620941840604e-01 3.000000000000000000e+00 0.000000000000000000e+00
1.654508497187473282e+00 4.755282581475768766e-01 1.345491502812526718e+00 -4.755282581475768766e-01 3.000000000000000000e+00 0.000000000000000000e+00
1.578217232520115143e+00 4.938441702975688852e-01 1.421782767479884857e+00 -4.938441702975688852e-01 3.000000000000000000e+00 0.000000000000000000e+00
1.499999999999999778e+00 5.000000000000000000e-01 1.500000000000000222e+00 -5.000000000000000000e-01 3.000000000000000000e+00 0.000000000000000000e+00
1.421782767479884413e+00 4.938441702975688297e-01 1.578217232520115587e+00 -4.938441702975688297e-01 3.000000000000000000e+00 0.000000000000000000e+00
1.345491502812526052e+00 4.755282581475767101e-01 1.654508497187473948e+00 -4.755282581475767101e-01 3.000000000000000000e+00 0.000000000000000000e+00
1.273004750130226181e+00 4.455032620941836718e-01 1.726995249869773819e+00 -4.455032620941836718e-01 3.000000000000000000e+00 0.000000000000000000e+00
1.206107373853763098e+00 4.045084971874734481e-01 1.793892626146236902e+00 -4.045084971874734481e-01 3.000000000000000000e+00 0.000000000000000000e+00
1.146446609406726269e+00 3.535533905932737309e-01 1.853553390593273731e+00 -3.535533905932737309e-01 3.000000000000000000e+00 0.000000000000000000e+00
1.095491502812526274e+00 2.938926261462365686e-01 1.904508497187473726e+00 -2.938926261462365686e-01 3.000000000000000000e+00 0.000000000000000000e+00
1.054496737905815884e+00 2.269952498697731802e-01 1.945503262094184116e+00 -2.269952498697731802e-01 3.000000000000000000e+00 0.000000000000000000e+00
1.024471741852423179e+00 1.545084971874732815e-01 1.975528258147576821e+00 -1.545084971874732815e-01 3.000000000000000000e+00 0.000000000000000000e+00
1.006155829702431115e+00 7.821723252011500427e-02 1.993844170297568885e+00 -7.821723252011500427e-02 3.000000000000000000e+00 0.000000000000000000e+00
1.000000000000000000e+00 0.000000000000000000e+00 2.000000000000000000e+00 0.000000000000000000e+00 3.000000000000000000e+00 0.000000000000000000e+00
1.000000000000000000e+00 0.000000000000000000e+00 2.006155829702431337e+00 7.821723252011554550e-02 2.993844170297568663e+00 -7.821723252011554550e-02
1.000000000000000000e+00 0.000000000000000000e+00 2.024471741852423179e+00 1.545084971874739199e-01 2.975528258147576821e+00 -1.545084971874739199e-01
1.000000000000000000e+00 0.000000000000000000e+00 2.054496737905816328e+00 2.269952498697736798e-01 2.945503262094183672e+00 -2.269952498697736798e-01
1.000000000000000000e+00 0.000000000000000000e+00 2.095491502812526718e+00 2.938926261462369016e-01 2.904508497187473282e+00 -2.938926261462369016e-01
1.000000000000000000e+00 0.000000000000000000e+00 2.146446609406726491e+00 3.535533905932741194e-01 2.853553390593273509e+00 -3.535533905932741194e-01
1.000000000000000000e+00 0.000000000000000000e+00 2.206107373853763320e+00 4.045084971874737811e-01 2.793892626146236680e+00 -4.045084971874737811e-01
1.000000000000000000e+00 0.000000000000000000e+00 2.273004750130226626e+00 4.455032620941840049e-01 2.726995249869773374e+00 -4.455032620941840049e-01
1.000000000000000000e+00 0.000000000000000000e+00 2.345491502812526718e+00 4.755282581475768766e-01 2.654508497187473282e+00 -4.755282581475768766e-01
1.000000000000000000e+00 0.000000000000000000e+00 2.421782767479884857e+00 4.938441702975689407e-01 2.578217232520115143e+00 -4.938441702975689407e-01
1.000000000000000000e+00 0.000000000000000000e+00 2.500000000000000444e+00 5.000000000000000000e-01 2.499999999999999556e+00 -5.000000000000000000e-01
1.000000000000000000e+00 0.000000000000000000e+00 2.578217232520115587e+00 4.938441702975688297e-01 2.421782767479884413e+00 -4.938441702975688297e-01
1.000000000000000000e+00 0.000000000000000000e+00 2.654508497187473726e+00 4.755282581475767101e-01 2.345491502812526274e+00 -4.755282581475767101e-01
1.000000000000000000e+00 0.000000000000000000e+00 2.726995249869773819e+00 4.455032620941837274e-01 2.273004750130226181e+00 -4.455032620941837274e-01
1.000000000000000000e+00 0.000000000000000000e+00 2.793892626146236680e+00 4.045084971874735036e-01 2.206107373853763320e+00 -4.045084971874735036e-01
1.000000000000000000e+00 0.000000000000000000e+00 2.853553390593273953e+00 3.535533905932734533e-01 2.146446609406726047e+00 -3.535533905932734533e-01
1.000000000000000000e+00 0.000000000000000000e+00 2.904508497187474170e+00 2.938926261462360690e-01 2.095491502812525830e+00 -2.938926261462360690e-01
1.000000000000000000e+00 0.000000000000000000e+00 2.945503262094184116e+00 2.269952498697732357e-01 2.054496737905815884e+00 -2.269952498697732357e-01
1.000000000000000000e+00 0.000000000000000000e+00 2.975528258147576821e+00 1.545084971874733371e-01 2.024471741852423179e+00 -1.545084971874733371e-01
1.000000000000000000e+00 0.000000000000000000e+00 2.993844170297569107e+00 7.821723252011505978e-02 2.006155829702430893e+00 -7.821723252011505978e-02
1.000000000000000000e+00 0.000000000000000000e+00 3.000000000000000000e+00 6.163438522699459429e-16 2.000000000000000000e+00 -6.163438522699459429e-16
1.000000000000000000e+00 0.000000000000000000e+00 2.993844170297568663e+00 7.821723252011614225e-02 2.006155829702431337e+00 -7.821723252011614225e-02
1.000000000000000000e+00 0.000000000000000000e+00 2.975528258147576821e+00 1.545084971874739754e-01 2.024471741852423179e+00 -1.545084971874739754e-01
1.000000000000000000e+00 0.000000000000000000e+00 2.945503262094183672e+00 2.269952498697737353e-01 2.054496737905816328e+00 -2.269952498697737353e-01
1.000000000000000000e+00 0.000000000000000000e+00 2.904508497187473282e+00 2.938926261462369571e-01 2.095491502812526718e+00 -2.938926261462369571e-01
1.000000000000000000e+00 0.000000000000000000e+00 2.853553390593273953e+00 3.535533905932737864e-01 2.146446609406726047e+00 -3.535533905932737864e-01
1.000000000000000000e+00 0.000000000000000000e+00 2.793892626146235791e+00 4.045084971874741697e-01 2.206107373853764209e+00 -4.045084971874741697e-01
1.000000000000000000e+00 0.000000000000000000e+00 2.726995249869773374e+00 4.455032620941840604e-01 2.273004750130226626e+00 -4.455032620941840604e-01
1.000000000000000000e+00 0.000000000000000000e+00 2.654508497187472837e+00 4.755282581475770431e-01 2.345491502812527163e+00 -4.755282581475770431e-01
1.000000000000000000e+00 0.000000000000000000e+00 2.578217232520115143e+00 4.938441702975689407e-01 2.421782767479884857e+00 -4.938441702975689407e-01
1.000000000000000000e+00 0.000000000000000000e+00 2.500000000000000000e+00 5.000000000000000000e-01 2.500000000000000000e+00 -5.000000000000000000e-01
1.000000000000000000e+00 0.000000000000000000e+00 2.421782767479883969e+00 4.938441702975687742e-01 2.578217232520116031e+00 -4.938441702975687742e-01
1.000000000000000000e+00 0.000000000000000000e+00 2.345491502812525830e+00 4.755282581475767101e-01 2.654508497187474170e+00 -4.755282581475767101e-01
1.000000000000000000e+00 0.000000000000000000e+00 2.273004750130225737e+00 4.455032620941835053e-01 2.726995249869774263e+00 -4.455032620941835053e-01
1.000000000000000000e+00 0.000000000000000000e+00 2.206107373853762876e+00 4.045084971874734481e-01 2.793892626146237124e+00 -4.045084971874734481e-01
1.000000000000000000e+00 0.000000000000000000e+00 2.146446609406726047e+00 3.535533905932737309e-01 2.853553390593273953e+00 -3.535533905932737309e-01
1.000000000000000000e+00 0.000000000000000000e+00 2.095491502812525830e+00 2.938926261462360134e-01 2.904508497187474170e+00 -2.938926261462360134e-01
1.000000000000000000e+00 0.000000000000000000e+00 2.054496737905815884e+00 2.269952498697731802e-01 2.945503262094184116e+00 -2.269952498697731802e-01
1.000000000000000000e+00 0.000000000000000000e+00 2.024471741852423179e+00 1.545084971874728652e-01 2.975528258147576821e+00 -1.545084971874728652e-01
1.000000000000000000e+00 0.000000000000000000e+00 2.006155829702430893e+00 7.821723252011500427e-02 2.993844170297569107e+00 -7.821723252011500427e-02
1.000000000000000000e+00 0.000000000000000000e+00 2.000000000000000000e+00 0.000000000000000000e+00 3.000000000000000000e+00 0.000000000000000000e+00
1.006155829702431337e+00 7.821723252011608674e-02 1.993844170297568663e+00 -7.821723252011608674e-02 3.000000000000000000e+00 0.000000000000000000e+00
1.024471741852423179e+00 1.545084971874739199e-01 1.975528258147576821e+00 -1.545084971874739199e-01 3.000000000000000000e+00 0.000000000000000000e+00
1.054496737905816550e+00 2.269952498697741794e-01 1.945503262094183450e+00 -2.269952498697741794e-01 3.000000000000000000e+00 0.000000000000000000e+00
1.095491502812526496e+00 2.938926261462369016e-01 1.904508497187473504e+00 -2.938926261462369016e-01 3.000000000000000000e+00 0.000000000000000000e+00
1.146446609406726935e+00 3.535533905932745635e-01 1.853553390593273065e+00 -3.535533905932745635e-01 3.000000000000000000e+00 0.000000000000000000e+00
1.206107373853763987e+00 4.045084971874741142e-01 1.793892626146236013e+00 -4.045084971874741142e-01 3.000000000000000000e+00 0.000000000000000000e+00
1.273004750130226848e+00 4.455032620941840049e-01 1.726995249869773152e+00 -4.455032620941840049e-01 3.000000000000000000e+00 0.000000000000000000e+00
1.345491502812527163e+00 4.755282581475770431e-01 1.654508497187472837e+00 -4.755282581475770431e-01 3.000000000000000000e+00 0.000000000000000000e+00
1.421782767479885079e+00 4.938441702975689407e-01 1.578217232520114921e+00 -4.938441702975689407e-01 3.000000000000000000e+00 0.000000000000000000e+00
1.500000000000001110e+00 5.000000000000000000e-01 1.499999999999998890e+00 -5.000000000000000000e-01 3.000000000000000000e+00 0.000000000000000000e+00
1.578217232520116031e+00 4.938441702975687742e-01 1.421782767479883969e+00 -4.938441702975687742e-01 3.000000000000000000e+00 0.000000000000000000e+00
1.654508497187473948e+00 4.755282581475767101e-01 1.345491502812526052e+00 -4.755282581475767101e-01 3.000000000000000000e+00 0.000000000000000000e+00
1.726995249869774263e+00 4.455032620941835608e-01 1.273004750130225737e+00 -4.455032620941835608e-01 3.000000000000000000e+00 0.000000000000000000e+00
1.793892626146236902e+00 4.045084971874735036e-01 1.206107373853763098e+00 -4.045084971874735036e-01 3.000000000000000000e+00 0.000000000000000000e+00
1.853553390593274397e+00 3.535533905932730092e-01 1.146446609406725603e+00 -3.535533905932730092e-01 3.000000000000000000e+00 0.000000000000000000e+00
1.904508497187474170e+00 2.938926261462360690e-01 1.095491502812525830e+00 -2.938926261462360690e-01 3.000000000000000000e+00 0.000000000000000000e+00
1.945503262094184116e+00 2.269952498697732357e-01 1.054496737905815884e+00 -2.269952498697732357e-01 3.000000000000000000e+00 0.000000000000000000e+00
1.975528258147577043e+00 1.545084971874729207e-01 1.024471741852422957e+00 -1.545084971874729207e-01 3.000000000000000000e+00 0.000000000000000000e+00
1.993844170297568885e+00 7.821723252011505978e-02 1.006155829702431115e+00 -7.821723252011505978e-02 3.000000000000000000e+00 0.000000000000000000e+00
2.000000000000000000e+00 6.123233995736766036e-17 1.000000000000000000e+00 -6.123233995736766036e-17 3.000000000000000000e+00 0.000000000000000000e+00
