1.000000000000000000e+00 0.000000000000000000e+00 2.000000000000000000e+00 0.000000000000000000e+00 3.000000000000000000e+00 0.000000000000000000e+00
1.006155829702431115e+00 7.821723252011543448e-02 1.993844170297568885e+00 -7.821723252011543448e-02 3.000000000000000000e+00 0.000000000000000000e+00
1.024471741852423179e+00 1.545084971874736979e-01 1.975528258147576821e+00 -1.545084971874736979e-01 3.000000000000000000e+00 0.000000000000000000e+00
1.054496737905816106e+00 2.269952498697734022e-01 1.945503262094183894e+00 -2.269952498697734022e-01 3.000000000000000000e+00 0.000000000000000000e+00
1.095491502812526274e+00 2.938926261462365686e-01 1.904508497187473726e+00 -2.938926261462365686e-01 3.000000000000000000e+00 0.000000000000000000e+00
1.146446609406726269e+00 3.535533905932737309e-01 1.853553390593273731e+00 -3.535533905932737309e-01 3.000000000000000000e+00 0.000000000000000000e+00
1.206107373853763542e+00 4.045084971874737256e-01 1.793892626146236458e+00 -4.045084971874737256e-01 3.000000000000000000e+00 0.000000000000000000e+00
1.273004750130226626e+00 4.455032620941839494e-01 1.726995249869773374e+00 -4.455032620941839494e-01 3.000000000000000000e+00 0.000000000000000000e+00
1.345491502812526274e+00 4.755282581475767656e-01 1.654508497187473726e+00 -4.755282581475767656e-01 3.000000000000000000e+00 0.000000000000000000e+00
1.421782767479884635e+00 4.938441702975688852e-01 1.578217232520115365e+00 -4.938441702975688852e-01 3.000000000000000000e+00 0.000000000000000000e+00
1.500000000000000000e+00 5.000000000000000000e-01 1.500000000000000000e+00 -5.000000000000000000e-01 3.000000000000000000e+00 0.000000000000000000e+00
1.578217232520115587e+00 4.938441702975688297e-01 1.421782767479884413e+00 -4.938441702975688297e-01 3.000000000000000000e+00 0.000000000000000000e+00
1.654508497187473726e+00 4.755282581475767656e-01 1.345491502812526274e+00 -4.755282581475767656e-01 3.000000000000000000e+00 0.000000000000000000e+00
1.726995249869773374e+00 4.455032620941839494e-01 1.273004750130226626e+00 -4.455032620941839494e-01 3.000000000000000000e+00 0.000000000000000000e+00
1.793892626146236680e+00 4.045084971874736146e-01 1.206107373853763320e+00 -4.045084971874736146e-01 3.000000000000000000e+00 0.000000000000000000e+00
1.853553390593273953e+00 3.535533905932736198e-01 1.146446609406726047e+00 -3.535533905932736198e-01 3.000000000000000000e+00 0.000000000000000000e+00
1.904508497187473726e+00 2.938926261462366241e-01 1.095491502812526274e+00 -2.938926261462366241e-01 3.000000000000000000e+00 0.000000000000000000e+00
1.945503262094184116e+00 2.269952498697732357e-01 1.054496737905815884e+00 -2.269952498697732357e-01 3.000000000000000000e+00 0.000000000000000000e+00
1.975528258147576821e+00 1.545084971874737534e-01 1.024471741852423179e+00 -1.545084971874737534e-01 3.000000000000000000e+00 0.000000000000000000e+00
1.993844170297568885e+00 7.821723252011526795e-02 1.006155829702431115e+00 -7.821723252011526795e-02 3.000000000000000000e+00 0.000000000000000000e+00
2.000000000000000000e+00 6.123233995736766036e-17 1.000000000000000000e+00 -6.123233995736766036e-17 3.000000000000000000e+00 0.000000000000000000e+00
1.993844170297568885e+00 -7.821723252011548999e-02 1.006155829702431115e+00 7.821723252011548999e-02 3.000000000000000000e+00 0.000000000000000000e+00
1.975528258147576821e+00 -1.545084971874738644e-01 1.024471741852423179e+00 1.545084971874738644e-01 3.000000000000000000e+00 0.000000000000000000e+00
1.945503262094183894e+00 -2.269952498697733745e-01 1.054496737905816106e+00 2.269952498697733745e-01 3.000000000000000000e+00 0.000000000000000000e+00
1.904508497187473726e+00 -2.938926261462366241e-01 1.095491502812526274e+00 2.938926261462366241e-01 3.000000000000000000e+00 0.000000000000000000e+00
1.853553390593273509e+00 -3.535533905932738974e-01 1.146446609406726491e+00 3.535533905932738974e-01 3.000000000000000000e+00 0.000000000000000000e+00
1.793892626146236680e+00 -4.045084971874737256e-01 1.206107373853763320e+00 4.045084971874737256e-01 3.000000000000000000e+00 0.000000000000000000e+00
1.726995249869773374e+00 -4.455032620941839494e-01 1.273004750130226626e+00 4.455032620941839494e-01 3.000000000000000000e+00 0.000000000000000000e+00
1.654508497187473504e+00 -4.755282581475768766e-01 1.345491502812526496e+00 4.755282581475768766e-01 3.000000000000000000e+00 0.000000000000000000e+00
1.578217232520115365e+00 -4.938441702975688852e-01 1.421782767479884635e+00 4.938441702975688852e-01 3.000000000000000000e+00 0.000000000000000000e+00
1.499999999999999778e+00 -5.000000000000000000e-01 1.500000000000000222e+00 5.000000000000000000e-01 3.000000000000000000e+00 0.000000000000000000e+00
1.421782767479884635e+00 -4.938441702975688297e-01 1.578217232520115365e+00 4.938441702975688297e-01 3.000000000000000000e+00 0.000000000000000000e+00
1.345491502812526274e+00 -4.755282581475767101e-01 1.654508497187473726e+00 4.755282581475767101e-01 3.000000000000000000e+00 0.000000000000000000e+00
1.273004750130226181e+00 -4.455032620941837829e-01 1.726995249869773819e+00 4.455032620941837829e-01 3.000000000000000000e+00 0.000000000000000000e+00
1.206107373853763098e+00 -4.045084971874735591e-01 1.793892626146236902e+00 4.045084971874735591e-01 3.000000000000000000e+00 0.000000000000000000e+00
1.146446609406726269e+00 -3.535533905932738419e-01 1.853553390593273731e+00 3.535533905932738419e-01 3.000000000000000000e+00 0.000000000000000000e+00
1.095491502812526274e+00 -2.938926261462366796e-01 1.904508497187473726e+00 2.938926261462366796e-01 3.000000000000000000e+00 0.000000000000000000e+00
1.054496737905816106e+00 -2.269952498697732912e-01 1.945503262094183894e+00 2.269952498697732912e-01 3.000000000000000000e+00 0.000000000000000000e+00
1.024471741852423179e+00 -1.545084971874733926e-01 1.975528258147576821e+00 1.545084971874733926e-01 3.000000000000000000e+00 0.000000000000000000e+00
1.006155829702431115e+00 -7.821723252011511529e-02 1.993844170297568885e+00 7.821723252011511529e-02 3.000000000000000000e+00 0.000000000000000000e+00
1.000000000000000000e+00 -1.224646799147353207e-16 2.000000000000000000e+00 1.224646799147353207e-16 3.000000000000000000e+00 0.000000000000000000e+00
1.006155829702431115e+00 7.821723252011542060e-02 1.993844170297568885e+00 -7.821723252011542060e-02 3.000000000000000000e+00 0.000000000000000000e+00
1.024471741852423179e+00 1.545084971874738089e-01 1.975528258147576821e+00 -1.545084971874738089e-01 3.000000000000000000e+00 0.000000000000000000e+00
1.054496737905816106e+00 2.269952498697735688e-01 1.945503262094183894e+00 -2.269952498697735688e-01 3.000000000000000000e+00 0.000000000000000000e+00
1.095491502812526496e+00 2.938926261462367906e-01 1.904508497187473504e+00 -2.938926261462367906e-01 3.000000000000000000e+00 0.000000000000000000e+00
1.146446609406726491e+00 3.535533905932740084e-01 1.853553390593273509e+00 -3.535533905932740084e-01 3.000000000000000000e+00 0.000000000000000000e+00
1.206107373853763320e+00 4.045084971874737256e-01 1.793892626146236680e+00 -4.045084971874737256e-01 3.000000000000000000e+00 0.000000000000000000e+00
1.273004750130226626e+00 4.455032620941839494e-01 1.726995249869773374e+00 -4.455032620941839494e-01 3.000000000000000000e+00 0.000000000000000000e+00
1.345491502812526496e+00 4.755282581475768211e-01 1.654508497187473504e+00 -4.755282581475768211e-01 3.000000000000000000e+00 0.000000000000000000e+00
1.421782767479884857e+00 4.938441702975689407e-01 1.578217232520115143e+00 -4.938441702975689407e-01 3.000000000000000000e+00 0.000000000000000000e+00
1.500000000000000444e+00 5.000000000000000000e-01 1.499999999999999556e+00 -5.000000000000000000e-01 3.000000000000000000e+00 0.000000000000000000e+00
1.578217232520115365e+00 4.938441702975688297e-01 1.421782767479884635e+00 -4.938441702975688297e-01 3.000000000000000000e+00 0.000000000000000000e+00
1.654508497187473726e+00 4.755282581475767656e-01 1.345491502812526274e+00 -4.755282581475767656e-01 3.000000000000000000e+00 0.000000000000000000e+00
1.726995249869773597e+00 4.455032620941837829e-01 1.273004750130226403e+00 -4.455032620941837829e-01 3.000000000000000000e+00 0.000000000000000000e+00
1.793892626146236680e+00 4.045084971874735591e-01 1.206107373853763320e+00 -4.045084971874735591e-01 3.000000000000000000e+00 0.000000000000000000e+00
1.853553390593273953e+00 3.535533905932735643e-01 1.146446609406726047e+00 -3.535533905932735643e-01 3.000000000000000000e+00 0.000000000000000000e+00
1.904508497187473948e+00 2.938926261462361800e-01 1.095491502812526052e+00 -2.938926261462361800e-01 3.000000000000000000e+00 0.000000000000000000e+00
1.945503262094183894e+00 2.269952498697733467e-01 1.054496737905816106e+00 -2.269952498697733467e-01 3.000000000000000000e+00 0.000000000000000000e+00
1.975528258147576821e+00 1.545084971874734481e-01 1.024471741852423179e+00 -1.545084971874734481e-01 3.000000000000000000e+00 0.000000000000000000e+00
1.993844170297568885e+00 7.821723252011518468e-02 1.006155829702431115e+00 -7.821723252011518468e-02 3.000000000000000000e+00 0.000000000000000000e+00
2.000000000000000000e+00 7.388085321846811897e-16 1.000000000000000000e+00 -7.388085321846811897e-16 3.000000000000000000e+00 0.000000000000000000e+00
1.993844170297568663e+00 7.821723252011626715e-02 1.006155829702431337e+00 -7.821723252011626715e-02 3.000000000000000000e+00 0.000000000000000000e+00
1.975528258147576599e+00 1.545084971874740865e-01 1.024471741852423401e+00 -1.545084971874740865e-01 3.000000000000000000e+00 0.000000000000000000e+00
1.945503262094183672e+00 2.269952498697738463e-01 1.054496737905816328e+00 -2.269952498697738463e-01 3.000000000000000000e+00 0.000000000000000000e+00
1.904508497187473282e+00 2.938926261462370682e-01 1.095491502812526718e+00 -2.938926261462370682e-01 3.000000000000000000e+00 0.000000000000000000e+00
1.853553390593273731e+00 3.535533905932738419e-01 1.146446609406726269e+00 -3.535533905932738419e-01 3.000000000000000000e+00 0.000000000000000000e+00
1.793892626146235791e+00 4.045084971874742252e-01 1.206107373853764209e+00 -4.045084971874742252e-01 3.000000000000000000e+00 0.000000000000000000e+00
1.726995249869772930e+00 4.455032620941841159e-01 1.273004750130227070e+00 -4.455032620941841159e-01 3.000000000000000000e+00 0.000000000000000000e+00
1.654508497187472837e+00 4.755282581475770987e-01 1.345491502812527163e+00 -4.755282581475770987e-01 3.000000000000000000e+00 0.000000000000000000e+00
1.578217232520114921e+00 4.938441702975689962e-01 1.421782767479885079e+00 -4.938441702975689962e-01 3.000000000000000000e+00 0.000000000000000000e+00
1.499999999999999778e+00 5.000000000000000000e-01 1.500000000000000222e+00 -5.000000000000000000e-01 3.000000000000000000e+00 0.000000000000000000e+00
1.421782767479883747e+00 4.938441702975687186e-01 1.578217232520116253e+00 -4.938441702975687186e-01 3.000000000000000000e+00 0.000000000000000000e+00
1.345491502812525830e+00 4.755282581475766546e-01 1.654508497187474170e+00 -4.755282581475766546e-01 3.000000000000000000e+00 0.000000000000000000e+00
1.273004750130225737e+00 4.455032620941834498e-01 1.726995249869774263e+00 -4.455032620941834498e-01 3.000000000000000000e+00 0.000000000000000000e+00
1.206107373853762876e+00 4.045084971874733926e-01 1.793892626146237124e+00 -4.045084971874733926e-01 3.000000000000000000e+00 0.000000000000000000e+00
1.146446609406726047e+00 3.535533905932736753e-01 1.853553390593273953e+00 -3.535533905932736753e-01 3.000000000000000000e+00 0.000000000000000000e+00
1.095491502812525830e+00 2.938926261462359024e-01 1.904508497187474170e+00 -2.938926261462359024e-01 3.000000000000000000e+00 0.000000000000000000e+00
1.054496737905815884e+00 2.269952498697730692e-01 1.945503262094184116e+00 -2.269952498697730692e-01 3.000000000000000000e+00 0.000000000000000000e+00
1.024471741852422957e+00 1.545084971874727542e-01 1.975528258147577043e+00 -1.545084971874727542e-01 3.000000000000000000e+00 0.000000000000000000e+00
1.006155829702430893e+00 7.821723252011487937e-02 1.993844170297569107e+00 -7.821723252011487937e-02 3.000000000000000000e+00 0.000000000000000000e+00
1.000000000000000000e+00 -1.224646799147352961e-16 2.000000000000000000e+00 1.224646799147352961e-16 3.000000000000000000e+00 0.000000000000000000e+00
1.006155829702431337e+00 -7.821723252011621164e-02 1.993844170297568663e+00 7.821723252011621164e-02 3.000000000000000000e+00 0.000000000000000000e+00
1.024471741852423401e+00 -1.545084971874740309e-01 1.975528258147576599e+00 1.545084971874740309e-01 3.000000000000000000e+00 0.000000000000000000e+00
1.054496737905816550e+00 -2.269952498697742904e-01 1.945503262094183450e+00 2.269952498697742904e-01 3.000000000000000000e+00 0.000000000000000000e+00
1.095491502812526718e+00 -2.938926261462370126e-01 1.904508497187473282e+00 2.938926261462370126e-01 3.000000000000000000e+00 0.000000000000000000e+00
1.146446609406727157e+00 -3.535533905932746745e-01 1.853553390593272843e+00 3.535533905932746745e-01 3.000000000000000000e+00 0.000000000000000000e+00
1.206107373853764209e+00 -4.045084971874741697e-01 1.793892626146235791e+00 4.045084971874741697e-01 3.000000000000000000e+00 0.000000000000000000e+00
1.273004750130226848e+00 -4.455032620941840604e-01 1.726995249869773152e+00 4.455032620941840604e-01 3.000000000000000000e+00 0.000000000000000000e+00
1.345491502812527163e+00 -4.755282581475770987e-01 1.654508497187472837e+00 4.755282581475770987e-01 3.000000000000000000e+00 0.000000000000000000e+00
1.421782767479885079e+00 -4.938441702975689407e-01 1.578217232520114921e+00 4.938441702975689407e-01 3.000000000000000000e+00 0.000000000000000000e+00
1.500000000000001110e+00 -5.000000000000000000e-01 1.499999999999998890e+00 5.000000000000000000e-01 3.000000000000000000e+00 0.000000000000000000e+00
1.578217232520116253e+00 -4.938441702975687742e-01 1.421782767479883747e+00 4.938441702975687742e-01 3.000000000000000000e+00 0.000000000000000000e+00
1.654508497187473948e+00 -4.755282581475766546e-01 1.345491502812526052e+00 4.755282581475766546e-01 3.000000000000000000e+00 0.000000000000000000e+00
1.726995249869774263e+00 -4.455032620941835053e-01 1.273004750130225737e+00 4.455032620941835053e-01 3.000000000000000000e+00 0.000000000000000000e+00
1.793892626146237124e+00 -4.045084971874734481e-01 1.206107373853762876e+00 4.045084971874734481e-01 3.000000000000000000e+00 0.000000000000000000e+00
1.853553390593274619e+00 -3.535533905932728982e-01 1.146446609406725381e+00 3.535533905932728982e-01 3.000000000000000000e+00 0.000000000000000000e+00
1.904508497187474170e+00 -2.938926261462359579e-01 1.095491502812525830e+00 2.938926261462359579e-01 3.000000000000000000e+00 0.000000000000000000e+00
1.945503262094184116e+00 -2.269952498697731247e-01 1.054496737905815884e+00 2.269952498697731247e-01 3.000000000000000000e+00 0.000000000000000000e+00
1.975528258147577043e+00 -1.545084971874728097e-01 1.024471741852422957e+00 1.545084971874728097e-01 3.000000000000000000e+00 0.000000000000000000e+00
1.993844170297568885e+00 -7.821723252011493488e-02 1.006155829702431115e+00 7.821723252011493488e-02 3.000000000000000000e+00 0.000000000000000000e+00
2.000000000000000000e+00 6.123233995736763571e-17 1.000000000000000000e+00 -6.123233995736763571e-17 3.000000000000000000e+00 0.000000000000000000e+00
