1.000000000000000000e+00 0.000000000000000000e+00 2.000000000000000000e+00 0.000000000000000000e+00 3.000000000000000000e+00 0.000000000000000000e+00 4.000000000000000000e+00 0.000000000000000000e+00
1.002219017698460002e+00 4.705415665925716251e-02 1.997780982301539998e+00 -4.705415665925716251e-02 3.000000000000000000e+00 0.000000000000000000e+00 4.000000000000000000e+00 0.000000000000000000e+00
1.008856374635655584e+00 9.369065729286231436e-02 1.991143625364344416e+00 -9.369065729286231436e-02 3.000000000000000000e+00 0.000000000000000000e+00 4.000000000000000000e+00 0.000000000000000000e+00
1.019853157161528578e+00 1.394955530196146376e-01 1.980146842838471422e+00 -1.394955530196146376e-01 3.000000000000000000e+00 0.000000000000000000e+00 4.000000000000000000e+00 0.000000000000000000e+00
1.035111757055874326e+00 1.840622763423389874e-01 1.964888242944125674e+00 -1.840622763423389874e-01 3.000000000000000000e+00 0.000000000000000000e+00 4.000000000000000000e+00 0.000000000000000000e+00
1.054496737905816106e+00 2.269952498697733745e-01 1.945503262094183894e+00 -2.269952498697733745e-01 3.000000000000000000e+00 0.000000000000000000e+00 4.000000000000000000e+00 0.000000000000000000e+00
1.077836037248992351e+00 2.679133974894983283e-01 1.922163962751007649e+00 -2.679133974894983283e-01 3.000000000000000000e+00 0.000000000000000000e+00 4.000000000000000000e+00 0.000000000000000000e+00
1.104922493812154904e+00 3.064535268264882428e-01 1.895077506187845096e+00 -3.064535268264882428e-01 3.000000000000000000e+00 0.000000000000000000e+00 4.000000000000000000e+00 0.000000000000000000e+00
1.135515686289294113e+00 3.422735529643443630e-01 1.864484313710705887e+00 -3.422735529643443630e-01 3.000000000000000000e+00 0.000000000000000000e+00 4.000000000000000000e+00 0.000000000000000000e+00
1.169344067338174087e+00 3.750555348152297963e-01 1.830655932661825913e+00 -3.750555348152297963e-01 3.000000000000000000e+00 0.000000000000000000e+00 4.000000000000000000e+00 0.000000000000000000e+00
1.206107373853763320e+00 4.045084971874737256e-01 1.793892626146236680e+00 -4.045084971874737256e-01 3.000000000000000000e+00 0.000000000000000000e+00 4.000000000000000000e+00 0.000000000000000000e+00
1.245479292124814341e+00 4.303710135019718219e-01 1.754520707875185659e+00 -4.303710135019718219e-01 3.000000000000000000e+00 0.000000000000000000e+00 4.000000000000000000e+00 0.000000000000000000e+00
1.287110354217463559e+00 4.524135262330097884e-01 1.712889645782536441e+00 -4.524135262330097884e-01 3.000000000000000000e+00 0.000000000000000000e+00 4.000000000000000000e+00 0.000000000000000000e+00
1.330631039877354427e+00 4.704403844771127829e-01 1.669368960122645573e+00 -4.704403844771127829e-01 3.000000000000000000e+00 0.000000000000000000e+00 4.000000000000000000e+00 0.000000000000000000e+00
1.375655056417572686e+00 4.842915805643155380e-01 1.624344943582427314e+00 -4.842915805643155380e-01 3.000000000000000000e+00 0.000000000000000000e+00 4.000000000000000000e+00 0.000000000000000000e+00
1.421782767479884635e+00 4.938441702975688852e-01 1.578217232520115365e+00 -4.938441702975688852e-01 3.000000000000000000e+00 0.000000000000000000e+00 4.000000000000000000e+00 0.000000000000000000e+00
1.468604740235343264e+00 4.990133642141357795e-01 1.531395259764656736e+00 -4.990133642141357795e-01 3.000000000000000000e+00 0.000000000000000000e+00 4.000000000000000000e+00 0.000000000000000000e+00
1.515705379539064257e+00 4.997532801828658000e-01 1.484294620460935743e+00 -4.997532801828658000e-01 3.000000000000000000e+00 0.000000000000000000e+00 4.000000000000000000e+00 0.000000000000000000e+00
1.562666616782152129e+00 4.960573506572388824e-01 1.437333383217847871e+00 -4.960573506572388824e-01 3.000000000000000000e+00 0.000000000000000000e+00 4.000000000000000000e+00 0.000000000000000000e+00
1.609071620698271365e+00 4.879583809693737173e-01 1.390928379301728635e+00 -4.879583809693737173e-01 3.000000000000000000e+00 0.000000000000000000e+00 4.000000000000000000e+00 0.000000000000000000e+00
1.654508497187473726e+00 4.755282581475768211e-01 1.345491502812526274e+00 -4.755282581475768211e-01 3.000000000000000000e+00 0.000000000000000000e+00 4.000000000000000000e+00 0.000000000000000000e+00
1.698573945317390255e+00 4.588773128419905700e-01 1.301426054682609745e+00 -4.588773128419905700e-01 3.000000000000000000e+00 0.000000000000000000e+00 4.000000000000000000e+00 0.000000000000000000e+00
1.740876837050857606e+00 4.381533400219317365e-01 1.259123162949142394e+00 -4.381533400219317365e-01 3.000000000000000000e+00 0.000000000000000000e+00 4.000000000000000000e+00 0.000000000000000000e+00
1.781041688926065403e+00 4.135402871372808598e-01 1.218958311073934597e+00 -4.135402871372808598e-01 3.000000000000000000e+00 0.000000000000000000e+00 4.000000000000000000e+00 0.000000000000000000e+00
1.818711994874344873e+00 3.852566213878946266e-01 1.181288005125655127e+00 -3.852566213878946266e-01 3.000000000000000000e+00 0.000000000000000000e+00 4.000000000000000000e+00 0.000000000000000000e+00
1.853553390593273953e+00 3.535533905932736198e-01 1.146446609406726047e+00 -3.535533905932736198e-01 3.000000000000000000e+00 0.000000000000000000e+00 4.000000000000000000e+00 0.000000000000000000e+00
1.885256621387894738e+00 3.187119948743447617e-01 1.114743378612105262e+00 -3.187119948743447617e-01 3.000000000000000000e+00 0.000000000000000000e+00 4.000000000000000000e+00 0.000000000000000000e+00
1.913540287137280860e+00 2.810416889260652362e-01 1.086459712862719140e+00 -2.810416889260652362e-01 3.000000000000000000e+00 0.000000000000000000e+00 4.000000000000000000e+00 0.000000000000000000e+00
1.938153340021931736e+00 2.408768370508576062e-01 1.061846659978068264e+00 -2.408768370508576062e-01 3.000000000000000000e+00 0.000000000000000000e+00 4.000000000000000000e+00 0.000000000000000000e+00
1.958877312841990515e+00 1.985739453173903102e-01 1.041122687158009485e+00 -1.985739453173903102e-01 3.000000000000000000e+00 0.000000000000000000e+00 4.000000000000000000e+00 0.000000000000000000e+00
1.975528258147576821e+00 1.545084971874735591e-01 1.024471741852423179e+00 -1.545084971874735591e-01 3.000000000000000000e+00 0.000000000000000000e+00 4.000000000000000000e+00 0.000000000000000000e+00
1.987958380969373717e+00 1.090716206982711572e-01 1.012041619030626283e+00 -1.090716206982711572e-01 3.000000000000000000e+00 0.000000000000000000e+00 4.000000000000000000e+00 0.000000000000000000e+00
1.996057350657238993e+00 6.266661678215204589e-02 1.003942649342761007e+00 -6.266661678215204589e-02 3.000000000000000000e+00 0.000000000000000000e+00 4.000000000000000000e+00 0.000000000000000000e+00
1.999753280182865911e+00 1.570537953906411821e-02 1.000246719817134089e+00 -1.570537953906411821e-02 3.000000000000000000e+00 0.000000000000000000e+00 4.000000000000000000e+00 0.000000000000000000e+00
2.000986635785864109e+00 -3.139525976465700613e-02 1.000000000000000000e+00 -6.123233995736766036e-17 2.999013364214135891e+00 3.139525976465706164e-02 4.000000000000000000e+00 0.000000000000000000e+00
2.006155829702431337e+00 -7.821723252011548999e-02 1.000000000000000000e+00 -6.123233995736766036e-17 2.993844170297568663e+00 7.821723252011554550e-02 4.000000000000000000e+00 0.000000000000000000e+00
2.015708419435684462e+00 -1.243449435824275084e-01 1.000000000000000000e+00 -6.123233995736766036e-17 2.984291580564315538e+00 1.243449435824275640e-01 4.000000000000000000e+00 0.000000000000000000e+00
2.029559615522887217e+00 -1.693689601226458508e-01 1.000000000000000000e+00 -6.123233995736766036e-17 2.970440384477112783e+00 1.693689601226459063e-01 4.000000000000000000e+00 0.000000000000000000e+00
2.047586473766990434e+00 -2.128896457825365518e-01 1.000000000000000000e+00 -6.123233995736766036e-17 2.952413526233009566e+00 2.128896457825366073e-01 4.000000000000000000e+00 0.000000000000000000e+00
2.069628986498028400e+00 -2.545207078751859364e-01 1.000000000000000000e+00 -6.123233995736766036e-17 2.930371013501971600e+00 2.545207078751860474e-01 4.000000000000000000e+00 0.000000000000000000e+00
2.095491502812526274e+00 -2.938926261462365686e-01 1.000000000000000000e+00 -6.123233995736766036e-17 2.904508497187473726e+00 2.938926261462366796e-01 4.000000000000000000e+00 0.000000000000000000e+00
2.124944465184770426e+00 -3.306559326618260242e-01 1.000000000000000000e+00 -6.123233995736766036e-17 2.875055534815229574e+00 3.306559326618261352e-01 4.000000000000000000e+00 0.000000000000000000e+00
2.157726447035655859e+00 -3.644843137107058872e-01 1.000000000000000000e+00 -6.123233995736766036e-17 2.842273552964344141e+00 3.644843137107059983e-01 4.000000000000000000e+00 0.000000000000000000e+00
2.193546473173511924e+00 -3.950775061878453176e-01 1.000000000000000000e+00 -6.123233995736766036e-17 2.806453526826488076e+00 3.950775061878454286e-01 4.000000000000000000e+00 0.000000000000000000e+00
2.232086602510502171e+00 -4.221639627510076487e-01 1.000000000000000000e+00 -6.123233995736766036e-17 2.767913397489497829e+00 4.221639627510077597e-01 4.000000000000000000e+00 0.000000000000000000e+00
2.273004750130227070e+00 -4.455032620941840604e-01 1.000000000000000000e+00 -6.123233995736766036e-17 2.726995249869772930e+00 4.455032620941841714e-01 4.000000000000000000e+00 0.000000000000000000e+00
2.315937723657661262e+00 -4.648882429441257291e-01 1.000000000000000000e+00 -6.123233995736766036e-17 2.684062276342338738e+00 4.648882429441258402e-01 4.000000000000000000e+00 0.000000000000000000e+00
2.360504446980385751e+00 -4.801468428384715326e-01 1.000000000000000000e+00 -6.123233995736766036e-17 2.639495553019614249e+00 4.801468428384716436e-01 4.000000000000000000e+00 0.000000000000000000e+00
2.406309342707138033e+00 -4.911436253643443606e-01 1.000000000000000000e+00 -6.123233995736766036e-17 2.593690657292861967e+00 4.911436253643444716e-01 4.000000000000000000e+00 0.000000000000000000e+00
2.452945843340743171e+00 -4.977809823015399981e-01 1.000000000000000000e+00 -6.123233995736766036e-17 2.547054156659256829e+00 4.977809823015401092e-01 4.000000000000000000e+00 0.000000000000000000e+00
2.500000000000000444e+00 -4.999999999999999445e-01 1.000000000000000000e+00 -6.123233995736766036e-17 2.499999999999999556e+00 5.000000000000000000e-01 4.000000000000000000e+00 0.000000000000000000e+00
2.547054156659257274e+00 -4.977809823015399426e-01 1.000000000000000000e+00 -6.123233995736766036e-17 2.452945843340742726e+00 4.977809823015400537e-01 4.000000000000000000e+00 0.000000000000000000e+00
2.593690657292862412e+00 -4.911436253643442496e-01 1.000000000000000000e+00 -6.123233995736766036e-17 2.406309342707137588e+00 4.911436253643443606e-01 4.000000000000000000e+00 0.000000000000000000e+00
2.639495553019614693e+00 -4.801468428384714215e-01 1.000000000000000000e+00 -6.123233995736766036e-17 2.360504446980385307e+00 4.801468428384715326e-01 4.000000000000000000e+00 0.000000000000000000e+00
2.684062276342339182e+00 -4.648882429441255071e-01 1.000000000000000000e+00 -6.123233995736766036e-17 2.315937723657660818e+00 4.648882429441256181e-01 4.000000000000000000e+00 0.000000000000000000e+00
2.726995249869773819e+00 -4.455032620941836718e-01 1.000000000000000000e+00 -6.123233995736766036e-17 2.273004750130226181e+00 4.455032620941837829e-01 4.000000000000000000e+00 0.000000000000000000e+00
2.767913397489498717e+00 -4.221639627510071491e-01 1.000000000000000000e+00 -6.123233995736766036e-17 2.232086602510501283e+00 4.221639627510072601e-01 4.000000000000000000e+00 0.000000000000000000e+00
2.806453526826488520e+00 -3.950775061878449290e-01 1.000000000000000000e+00 -6.123233995736766036e-17 2.193546473173511480e+00 3.950775061878450400e-01 4.000000000000000000e+00 0.000000000000000000e+00
2.842273552964344585e+00 -3.644843137107054987e-01 1.000000000000000000e+00 -6.123233995736766036e-17 2.157726447035655415e+00 3.644843137107056097e-01 4.000000000000000000e+00 0.000000000000000000e+00
2.875055534815230018e+00 -3.306559326618256911e-01 1.000000000000000000e+00 -6.123233995736766036e-17 2.124944465184769982e+00 3.306559326618258021e-01 4.000000000000000000e+00 0.000000000000000000e+00
2.904508497187474170e+00 -2.938926261462361800e-01 1.000000000000000000e+00 -6.123233995736766036e-17 2.095491502812525830e+00 2.938926261462362910e-01 4.000000000000000000e+00 0.000000000000000000e+00
2.930371013501972044e+00 -2.545207078751851038e-01 1.000000000000000000e+00 -6.123233995736766036e-17 2.069628986498027956e+00 2.545207078751852148e-01 4.000000000000000000e+00 0.000000000000000000e+00
2.952413526233010010e+00 -2.128896457825360522e-01 1.000000000000000000e+00 -6.123233995736766036e-17 2.047586473766989990e+00 2.128896457825361077e-01 4.000000000000000000e+00 0.000000000000000000e+00
2.970440384477112783e+00 -1.693689601226454622e-01 1.000000000000000000e+00 -6.123233995736766036e-17 2.029559615522887217e+00 1.693689601226455177e-01 4.000000000000000000e+00 0.000000000000000000e+00
2.984291580564315538e+00 -1.243449435824271893e-01 1.000000000000000000e+00 -6.123233995736766036e-17 2.015708419435684462e+00 1.243449435824272448e-01 4.000000000000000000e+00 0.000000000000000000e+00
2.993844170297568663e+00 -7.821723252011548999e-02 1.000000000000000000e+00 -6.123233995736766036e-17 2.006155829702431337e+00 7.821723252011554550e-02 4.000000000000000000e+00 0.000000000000000000e+00
2.999013364214135891e+00 -3.139525976465612489e-02 1.000000000000000000e+00 -6.123233995736766036e-17 2.000986635785864109e+00 3.139525976465618040e-02 4.000000000000000000e+00 0.000000000000000000e+00
2.999753280182865911e+00 -1.570537953906455883e-02 1.000000000000000000e+00 -6.123233995736766036e-17 2.000246719817134089e+00 1.570537953906462128e-02 4.000000000000000000e+00 0.000000000000000000e+00
2.996057350657238771e+00 -6.266661678215293407e-02 1.000000000000000000e+00 -6.123233995736766036e-17 2.003942649342761229e+00 6.266661678215298958e-02 4.000000000000000000e+00 0.000000000000000000e+00
2.987958380969373717e+00 -1.090716206982718095e-01 1.000000000000000000e+00 -6.123233995736766036e-17 2.012041619030626283e+00 1.090716206982718650e-01 4.000000000000000000e+00 0.000000000000000000e+00
2.975528258147576821e+00 -1.545084971874739754e-01 1.000000000000000000e+00 -6.123233995736766036e-17 2.024471741852423179e+00 1.545084971874740309e-01 4.000000000000000000e+00 0.000000000000000000e+00
2.958877312841990292e+00 -1.985739453173909208e-01 1.000000000000000000e+00 -6.123233995736766036e-17 2.041122687158009708e+00 1.985739453173909763e-01 4.000000000000000000e+00 0.000000000000000000e+00
2.938153340021931736e+00 -2.408768370508579948e-01 1.000000000000000000e+00 -6.123233995736766036e-17 2.061846659978068264e+00 2.408768370508580503e-01 4.000000000000000000e+00 0.000000000000000000e+00
2.913540287137280416e+00 -2.810416889260659024e-01 1.000000000000000000e+00 -6.123233995736766036e-17 2.086459712862719584e+00 2.810416889260660134e-01 4.000000000000000000e+00 0.000000000000000000e+00
2.885256621387894072e+00 -3.187119948743452058e-01 1.000000000000000000e+00 -6.123233995736766036e-17 2.114743378612105928e+00 3.187119948743453168e-01 4.000000000000000000e+00 0.000000000000000000e+00
2.853553390593273509e+00 -3.535533905932738974e-01 1.000000000000000000e+00 -6.123233995736766036e-17 2.146446609406726491e+00 3.535533905932740084e-01 4.000000000000000000e+00 0.000000000000000000e+00
2.818711994874344207e+00 -3.852566213878950152e-01 1.000000000000000000e+00 -6.123233995736766036e-17 2.181288005125655793e+00 3.852566213878951262e-01 4.000000000000000000e+00 0.000000000000000000e+00
2.781041688926064737e+00 -4.135402871372810818e-01 1.000000000000000000e+00 -6.123233995736766036e-17 2.218958311073935263e+00 4.135402871372811928e-01 4.000000000000000000e+00 0.000000000000000000e+00
2.740876837050856718e+00 -4.381533400219321250e-01 1.000000000000000000e+00 -6.123233995736766036e-17 2.259123162949143282e+00 4.381533400219322361e-01 4.000000000000000000e+00 0.000000000000000000e+00
2.698573945317389811e+00 -4.588773128419907366e-01 1.000000000000000000e+00 -6.123233995736766036e-17 2.301426054682610189e+00 4.588773128419908476e-01 4.000000000000000000e+00 0.000000000000000000e+00
2.654508497187473282e+00 -4.755282581475768211e-01 1.000000000000000000e+00 -6.123233995736766036e-17 2.345491502812526718e+00 4.755282581475769321e-01 4.000000000000000000e+00 0.000000000000000000e+00
2.609071620698270699e+00 -4.879583809693737728e-01 1.000000000000000000e+00 -6.123233995736766036e-17 2.390928379301729301e+00 4.879583809693738838e-01 4.000000000000000000e+00 0.000000000000000000e+00
2.562666616782151685e+00 -4.960573506572388824e-01 1.000000000000000000e+00 -6.123233995736766036e-17 2.437333383217848315e+00 4.960573506572389935e-01 4.000000000000000000e+00 0.000000000000000000e+00
2.515705379539063369e+00 -4.997532801828657445e-01 1.000000000000000000e+00 -6.123233995736766036e-17 2.484294620460936631e+00 4.997532801828658555e-01 4.000000000000000000e+00 0.000000000000000000e+00
2.468604740235342820e+00 -4.990133642141357240e-01 1.000000000000000000e+00 -6.123233995736766036e-17 2.531395259764657180e+00 4.990133642141358350e-01 4.000000000000000000e+00 0.000000000000000000e+00
2.421782767479883525e+00 -4.938441702975686631e-01 1.000000000000000000e+00 -6.123233995736766036e-17 2.578217232520116475e+00 4.938441702975687742e-01 4.000000000000000000e+00 0.000000000000000000e+00
2.375655056417572020e+00 -4.842915805643153715e-01 1.000000000000000000e+00 -6.123233995736766036e-17 2.624344943582427980e+00 4.842915805643154825e-01 4.000000000000000000e+00 0.000000000000000000e+00
2.330631039877353761e+00 -4.704403844771125054e-01 1.000000000000000000e+00 -6.123233995736766036e-17 2.669368960122646239e+00 4.704403844771126164e-01 4.000000000000000000e+00 0.000000000000000000e+00
2.287110354217463115e+00 -4.524135262330093443e-01 1.000000000000000000e+00 -6.123233995736766036e-17 2.712889645782536885e+00 4.524135262330094553e-01 4.000000000000000000e+00 0.000000000000000000e+00
2.245479292124813675e+00 -4.303710135019714889e-01 1.000000000000000000e+00 -6.123233995736766036e-17 2.754520707875186325e+00 4.303710135019715999e-01 4.000000000000000000e+00 0.000000000000000000e+00
2.206107373853762876e+00 -4.045084971874731150e-01 1.000000000000000000e+00 -6.123233995736766036e-17 2.793892626146237124e+00 4.045084971874732260e-01 4.000000000000000000e+00 0.000000000000000000e+00
2.169344067338173421e+00 -3.750555348152292967e-01 1.000000000000000000e+00 -6.123233995736766036e-17 2.830655932661826579e+00 3.750555348152294077e-01 4.000000000000000000e+00 0.000000000000000000e+00
2.135515686289294113e+00 -3.422735529643439745e-01 1.000000000000000000e+00 -6.123233995736766036e-17 2.864484313710705887e+00 3.422735529643440855e-01 4.000000000000000000e+00 0.000000000000000000e+00
2.104922493812154460e+00 -3.064535268264875767e-01 1.000000000000000000e+00 -6.123233995736766036e-17 2.895077506187845540e+00 3.064535268264876877e-01 4.000000000000000000e+00 0.000000000000000000e+00
2.077836037248992351e+00 -2.679133974894978287e-01 1.000000000000000000e+00 -6.123233995736766036e-17 2.922163962751007649e+00 2.679133974894979398e-01 4.000000000000000000e+00 0.000000000000000000e+00
2.054496737905815440e+00 -2.269952498697725418e-01 1.000000000000000000e+00 -6.123233995736766036e-17 2.945503262094184560e+00 2.269952498697725973e-01 4.000000000000000000e+00 0.000000000000000000e+00
2.035111757055874104e+00 -1.840622763423383490e-01 1.000000000000000000e+00 -6.123233995736766036e-17 2.964888242944125896e+00 1.840622763423384045e-01 4.000000000000000000e+00 0.000000000000000000e+00
2.019853157161528578e+00 -1.394955530196142213e-01 1.000000000000000000e+00 -6.123233995736766036e-17 2.980146842838471422e+00 1.394955530196142768e-01 4.000000000000000000e+00 0.000000000000000000e+00
2.008856374635655584e+00 -9.369065729286150945e-02 1.000000000000000000e+00 -6.123233995736766036e-17 2.991143625364344416e+00 9.369065729286156496e-02 4.000000000000000000e+00 0.000000000000000000e+00
2.002219017698459780e+00 -4.705415665925661434e-02 1.000000000000000000e+00 -6.123233995736766036e-17 2.997780982301540220e+00 4.705415665925666985e-02 4.000000000000000000e+00 0.000000000000000000e+00
2.000000000000000000e+00 6.123233995736766036e-17 1.000000000000000000e+00 -6.123233995736766036e-17 3.000000000000000000e+00 1.232595164407830946e-32 4.000000000000000000e+00 0.000000000000000000e+00
