1.000000000000000000e+00 0.000000000000000000e+00 2.000000000000000000e+00 0.000000000000000000e+00 3.000000000000000000e+00 0.000000000000000000e+00 4.000000000000000000e+00 0.000000000000000000e+00 5.000000000000000000e+00 0.000000000000000000e+00
1.002219017698460002e+00 -4.705415665925716251e-02 1.997780982301539998e+00 4.705415665925716251e-02 3.000000000000000000e+00 0.000000000000000000e+00 4.000000000000000000e+00 0.000000000000000000e+00 5.000000000000000000e+00 0.000000000000000000e+00
1.008856374635655584e+00 -9.369065729286231436e-02 1.991143625364344416e+00 9.369065729286231436e-02 3.000000000000000000e+00 0.000000000000000000e+00 4.000000000000000000e+00 0.000000000000000000e+00 5.000000000000000000e+00 0.000000000000000000e+00
1.019853157161528578e+00 -1.394955530196146376e-01 1.980146842838471422e+00 1.394955530196146376e-01 3.000000000000000000e+00 0.000000000000000000e+00 4.000000000000000000e+00 0.000000000000000000e+00 5.000000000000000000e+00 0.000000000000000000e+00
1.035111757055874326e+00 -1.840622763423389874e-01 1.964888242944125674e+00 1.840622763423389874e-01 3.000000000000000000e+00 0.000000000000000000e+00 4.000000000000000000e+00 0.000000000000000000e+00 5.000000000000000000e+00 0.000000000000000000e+00
1.054496737905816106e+00 -2.269952498697733745e-01 1.945503262094183894e+00 2.269952498697733745e-01 3.000000000000000000e+00 0.000000000000000000e+00 4.000000000000000000e+00 0.000000000000000000e+00 5.000000000000000000e+00 0.000000000000000000e+00
1.077836037248992351e+00 -2.679133974894983283e-01 1.922163962751007649e+00 2.679133974894983283e-01 3.000000000000000000e+00 0.000000000000000000e+00 4.000000000000000000e+00 0.000000000000000000e+00 5.000000000000000000e+00 0.000000000000000000e+00
1.104922493812154904e+00 -3.064535268264882428e-01 1.895077506187845096e+00 3.064535268264882428e-01 3.000000000000000000e+00 0.000000000000000000e+00 4.000000000000000000e+00 0.000000000000000000e+00 5.000000000000000000e+00 0.000000000000000000e+00
1.135515686289294113e+00 -3.422735529643443630e-01 1.864484313710705887e+00 3.422735529643443630e-01 3.000000000000000000e+00 0.000000000000000000e+00 4.000000000000000000e+00 0.000000000000000000e+00 5.000000000000000000e+00 0.000000000000000000e+00
1.169344067338174087e+00 -3.750555348152297963e-01 1.830655932661825913e+00 3.750555348152297963e-01 3.000000000000000000e+00 0.000000000000000000e+00 4.000000000000000000e+00 0.000000000000000000e+00 5.000000000000000000e+00 0.000000000000000000e+00
1.206107373853763320e+00 -4.045084971874737256e-01 1.793892626146236680e+00 4.045084971874737256e-01 3.000000000000000000e+00 0.000000000000000000e+00 4.000000000000000000e+00 0.000000000000000000e+00 5.000000000000000000e+00 0.000000000000000000e+00
1.245479292124814341e+00 -4.303710135019718219e-01 1.754520707875185659e+00 4.303710135019718219e-01 3.000000000000000000e+00 0.000000000000000000e+00 4.000000000000000000e+00 0.000000000000000000e+00 5.000000000000000000e+00 0.000000000000000000e+00
1.287110354217463559e+00 -4.524135262330097884e-01 1.712889645782536441e+00 4.524135262330097884e-01 3.000000000000000000e+00 0.000000000000000000e+00 4.000000000000000000e+00 0.000000000000000000e+00 5.000000000000000000e+00 0.000000000000000000e+00
1.330631039877354427e+00 -4.704403844771127829e-01 1.669368960122645573e+00 4.704403844771127829e-01 3.000000000000000000e+00 0.000000000000000000e+00 4.000000000000000000e+00 0.000000000000000000e+00 5.000000000000000000e+00 0.000000000000000000e+00
1.375655056417572686e+00 -4.842915805643155380e-01 1.624344943582427314e+00 4.842915805643155380e-01 3.000000000000000000e+00 0.000000000000000000e+00 4.000000000000000000e+00 0.000000000000000000e+00 5.000000000000000000e+00 0.000000000000000000e+00
1.421782767479884635e+00 -4.938441702975688852e-01 1.578217232520115365e+00 4.938441702975688852e-01 3.000000000000000000e+00 0.000000000000000000e+00 4.000000000000000000e+00 0.000000000000000000e+00 5.000000000000000000e+00 0.000000000000000000e+00
1.468604740235343264e+00 -4.990133642141357795e-01 1.531395259764656736e+00 4.990133642141357795e-01 3.000000000000000000e+00 0.000000000000000000e+00 4.000000000000000000e+00 0.000000000000000000e+00 5.000000000000000000e+00 0.000000000000000000e+00
1.515705379539064257e+00 -4.997532801828658000e-01 1.484294620460935743e+00 4.997532801828658000e-01 3.000000000000000000e+00 0.000000000000000000e+00 4.000000000000000000e+00 0.000000000000000000e+00 5.000000000000000000e+00 0.000000000000000000e+00
1.562666616782152129e+00 -4.960573506572388824e-01 1.437333383217847871e+00 4.960573506572388824e-01 3.000000000000000000e+00 0.000000000000000000e+00 4.000000000000000000e+00 0.000000000000000000e+00 5.000000000000000000e+00 0.000000000000000000e+00
1.609071620698271365e+00 -4.879583809693737173e-01 1.390928379301728635e+00 4.879583809693737173e-01 3.000000000000000000e+00 0.000000000000000000e+00 4.000000000000000000e+00 0.000000000000000000e+00 5.000000000000000000e+00 0.000000000000000000e+00
1.654508497187473726e+00 -4.755282581475768211e-01 1.345491502812526274e+00 4.755282581475768211e-01 3.000000000000000000e+00 0.000000000000000000e+00 4.000000000000000000e+00 0.000000000000000000e+00 5.000000000000000000e+00 0.000000000000000000e+00
1.698573945317390255e+00 -4.588773128419905700e-01 1.301426054682609745e+00 4.588773128419905700e-01 3.000000000000000000e+00 0.000000000000000000e+00 4.000000000000000000e+00 0.000000000000000000e+00 5.000000000000000000e+00 0.000000000000000000e+00
1.740876837050857606e+00 -4.381533400219317365e-01 1.259123162949142394e+00 4.381533400219317365e-01 3.000000000000000000e+00 0.000000000000000000e+00 4.000000000000000000e+00 0.000000000000000000e+00 5.000000000000000000e+00 0.000000000000000000e+00
1.781041688926065403e+00 -4.135402871372808598e-01 1.218958311073934597e+00 4.135402871372808598e-01 3.000000000000000000e+00 0.000000000000000000e+00 4.000000000000000000e+00 0.000000000000000000e+00 5.000000000000000000e+00 0.000000000000000000e+00
1.818711994874344873e+00 -3.852566213878946266e-01 1.181288005125655127e+00 3.852566213878946266e-01 3.000000000000000000e+00 0.000000000000000000e+00 4.000000000000000000e+00 0.000000000000000000e+00 5.000000000000000000e+00 0.000000000000000000e+00
1.853553390593273953e+00 -3.535533905932736198e-01 1.146446609406726047e+00 3.535533905932736198e-01 3.000000000000000000e+00 0.000000000000000000e+00 4.000000000000000000e+00 0.000000000000000000e+00 5.000000000000000000e+00 0.000000000000000000e+00
1.885256621387894738e+00 -3.187119948743447617e-01 1.114743378612105262e+00 3.187119948743447617e-01 3.000000000000000000e+00 0.000000000000000000e+00 4.000000000000000000e+00 0.000000000000000000e+00 5.000000000000000000e+00 0.000000000000000000e+00
1.913540287137280860e+00 -2.810416889260652362e-01 1.086459712862719140e+00 2.810416889260652362e-01 3.000000000000000000e+00 0.000000000000000000e+00 4.000000000000000000e+00 0.000000000000000000e+00 5.000000000000000000e+00 0.000000000000000000e+00
1.938153340021931736e+00 -2.408768370508576062e-01 1.061846659978068264e+00 2.408768370508576062e-01 3.000000000000000000e+00 0.000000000000000000e+00 4.000000000000000000e+00 0.000000000000000000e+00 5.000000000000000000e+00 0.000000000000000000e+00
1.958877312841990515e+00 -1.985739453173903102e-01 1.041122687158009485e+00 1.985739453173903102e-01 3.000000000000000000e+00 0.000000000000000000e+00 4.000000000000000000e+00 0.000000000000000000e+00 5.000000000000000000e+00 0.000000000000000000e+00
1.975528258147576821e+00 -1.545084971874735591e-01 1.024471741852423179e+00 1.545084971874735591e-01 3.000000000000000000e+00 0.000000000000000000e+00 4.000000000000000000e+00 0.000000000000000000e+00 5.000000000000000000e+00 0.000000000000000000e+00
1.987958380969373717e+00 -1.090716206982711572e-01 1.012041619030626283e+00 1.090716206982711572e-01 3.000000000000000000e+00 0.000000000000000000e+00 4.000000000000000000e+00 0.000000000000000000e+00 5.000000000000000000e+00 0.000000000000000000e+00
1.996057350657238993e+00 -6.266661678215204589e-02 1.003942649342761007e+00 6.266661678215204589e-02 3.000000000000000000e+00 0.000000000000000000e+00 4.000000000000000000e+00 0.000000000000000000e+00 5.000000000000000000e+00 0.000000000000000000e+00
1.999753280182865911e+00 -1.570537953906411821e-02 1.000246719817134089e+00 1.570537953906411821e-02 3.000000000000000000e+00 0.000000000000000000e+00 4.000000000000000000e+00 0.000000000000000000e+00 5.000000000000000000e+00 0.000000000000000000e+00
2.000000000000000000e+00 -6.123233995736766036e-17 1.000000000000000000e+00 6.123233995736766036e-17 3.000000000000000000e+00 0.000000000000000000e+00 4.000986635785864109e+00 -3.139525976465706164e-02 4.999013364214135891e+00 3.139525976465706164e-02
2.000000000000000000e+00 -6.123233995736766036e-17 1.000000000000000000e+00 6.123233995736766036e-17 3.000000000000000000e+00 0.000000000000000000e+00 4.006155829702430893e+00 -7.821723252011554550e-02 4.993844170297569107e+00 7.821723252011554550e-02
2.000000000000000000e+00 -6.123233995736766036e-17 1.000000000000000000e+00 6.123233995736766036e-17 3.000000000000000000e+00 0.000000000000000000e+00 4.015708419435684462e+00 -1.243449435824275640e-01 4.984291580564315538e+00 1.243449435824275640e-01
2.000000000000000000e+00 -6.123233995736766036e-17 1.000000000000000000e+00 6.123233995736766036e-17 3.000000000000000000e+00 0.000000000000000000e+00 4.029559615522887661e+00 -1.693689601226459063e-01 4.970440384477112339e+00 1.693689601226459063e-01
2.000000000000000000e+00 -6.123233995736766036e-17 1.000000000000000000e+00 6.123233995736766036e-17 3.000000000000000000e+00 0.000000000000000000e+00 4.047586473766989990e+00 -2.128896457825366073e-01 4.952413526233010010e+00 2.128896457825366073e-01
2.000000000000000000e+00 -6.123233995736766036e-17 1.000000000000000000e+00 6.123233995736766036e-17 3.000000000000000000e+00 0.000000000000000000e+00 4.069628986498027956e+00 -2.545207078751859919e-01 4.930371013501972044e+00 2.545207078751859919e-01
2.000000000000000000e+00 -6.123233995736766036e-17 1.000000000000000000e+00 6.123233995736766036e-17 3.000000000000000000e+00 0.000000000000000000e+00 4.095491502812526718e+00 -2.938926261462366241e-01 4.904508497187473282e+00 2.938926261462366241e-01
2.000000000000000000e+00 -6.123233995736766036e-17 1.000000000000000000e+00 6.123233995736766036e-17 3.000000000000000000e+00 0.000000000000000000e+00 4.124944465184769982e+00 -3.306559326618260797e-01 4.875055534815230018e+00 3.306559326618260797e-01
2.000000000000000000e+00 -6.123233995736766036e-17 1.000000000000000000e+00 6.123233995736766036e-17 3.000000000000000000e+00 0.000000000000000000e+00 4.157726447035655859e+00 -3.644843137107059428e-01 4.842273552964344141e+00 3.644843137107059428e-01
2.000000000000000000e+00 -6.123233995736766036e-17 1.000000000000000000e+00 6.123233995736766036e-17 3.000000000000000000e+00 0.000000000000000000e+00 4.193546473173512368e+00 -3.950775061878453731e-01 4.806453526826487632e+00 3.950775061878453731e-01
2.000000000000000000e+00 -6.123233995736766036e-17 1.000000000000000000e+00 6.123233995736766036e-17 3.000000000000000000e+00 0.000000000000000000e+00 4.232086602510501727e+00 -4.221639627510077042e-01 4.767913397489498273e+00 4.221639627510077042e-01
2.000000000000000000e+00 -6.123233995736766036e-17 1.000000000000000000e+00 6.123233995736766036e-17 3.000000000000000000e+00 0.000000000000000000e+00 4.273004750130226626e+00 -4.455032620941841159e-01 4.726995249869773374e+00 4.455032620941841159e-01
2.000000000000000000e+00 -6.123233995736766036e-17 1.000000000000000000e+00 6.123233995736766036e-17 3.000000000000000000e+00 0.000000000000000000e+00 4.315937723657660818e+00 -4.648882429441257846e-01 4.684062276342339182e+00 4.648882429441257846e-01
2.000000000000000000e+00 -6.123233995736766036e-17 1.000000000000000000e+00 6.123233995736766036e-17 3.000000000000000000e+00 0.000000000000000000e+00 4.360504446980385751e+00 -4.801468428384715881e-01 4.639495553019614249e+00 4.801468428384715881e-01
2.000000000000000000e+00 -6.123233995736766036e-17 1.000000000000000000e+00 6.123233995736766036e-17 3.000000000000000000e+00 0.000000000000000000e+00 4.406309342707137588e+00 -4.911436253643444161e-01 4.593690657292862412e+00 4.911436253643444161e-01
2.000000000000000000e+00 -6.123233995736766036e-17 1.000000000000000000e+00 6.123233995736766036e-17 3.000000000000000000e+00 0.000000000000000000e+00 4.452945843340743615e+00 -4.977809823015400537e-01 4.547054156659256385e+00 4.977809823015400537e-01
2.000000000000000000e+00 -6.123233995736766036e-17 1.000000000000000000e+00 6.123233995736766036e-17 3.000000000000000000e+00 0.000000000000000000e+00 4.500000000000000000e+00 -5.000000000000000000e-01 4.500000000000000000e+00 5.000000000000000000e-01
2.000000000000000000e+00 -6.123233995736766036e-17 1.000000000000000000e+00 6.123233995736766036e-17 3.000000000000000000e+00 0.000000000000000000e+00 4.547054156659257274e+00 -4.977809823015399981e-01 4.452945843340742726e+00 4.977809823015399981e-01
2.000000000000000000e+00 -6.123233995736766036e-17 1.000000000000000000e+00 6.123233995736766036e-17 3.000000000000000000e+00 0.000000000000000000e+00 4.593690657292862412e+00 -4.911436253643443051e-01 4.406309342707137588e+00 4.911436253643443051e-01
2.000000000000000000e+00 -6.123233995736766036e-17 1.000000000000000000e+00 6.123233995736766036e-17 3.000000000000000000e+00 0.000000000000000000e+00 4.639495553019615137e+00 -4.801468428384714771e-01 4.360504446980384863e+00 4.801468428384714771e-01
2.000000000000000000e+00 -6.123233995736766036e-17 1.000000000000000000e+00 6.123233995736766036e-17 3.000000000000000000e+00 0.000000000000000000e+00 4.684062276342339182e+00 -4.648882429441255626e-01 4.315937723657660818e+00 4.648882429441255626e-01
2.000000000000000000e+00 -6.123233995736766036e-17 1.000000000000000000e+00 6.123233995736766036e-17 3.000000000000000000e+00 0.000000000000000000e+00 4.726995249869773374e+00 -4.455032620941837274e-01 4.273004750130226626e+00 4.455032620941837274e-01
2.000000000000000000e+00 -6.123233995736766036e-17 1.000000000000000000e+00 6.123233995736766036e-17 3.000000000000000000e+00 0.000000000000000000e+00 4.767913397489499161e+00 -4.221639627510072046e-01 4.232086602510500839e+00 4.221639627510072046e-01
2.000000000000000000e+00 -6.123233995736766036e-17 1.000000000000000000e+00 6.123233995736766036e-17 3.000000000000000000e+00 0.000000000000000000e+00 4.806453526826488520e+00 -3.950775061878449845e-01 4.193546473173511480e+00 3.950775061878449845e-01
2.000000000000000000e+00 -6.123233995736766036e-17 1.000000000000000000e+00 6.123233995736766036e-17 3.000000000000000000e+00 0.000000000000000000e+00 4.842273552964344141e+00 -3.644843137107055542e-01 4.157726447035655859e+00 3.644843137107055542e-01
2.000000000000000000e+00 -6.123233995736766036e-17 1.000000000000000000e+00 6.123233995736766036e-17 3.000000000000000000e+00 0.000000000000000000e+00 4.875055534815230018e+00 -3.306559326618257466e-01 4.124944465184769982e+00 3.306559326618257466e-01
2.000000000000000000e+00 -6.123233995736766036e-17 1.000000000000000000e+00 6.123233995736766036e-17 3.000000000000000000e+00 0.000000000000000000e+00 4.904508497187474170e+00 -2.938926261462362355e-01 4.095491502812525830e+00 2.938926261462362355e-01
2.000000000000000000e+00 -6.123233995736766036e-17 1.000000000000000000e+00 6.123233995736766036e-17 3.000000000000000000e+00 0.000000000000000000e+00 4.930371013501972044e+00 -2.545207078751851593e-01 4.069628986498027956e+00 2.545207078751851593e-01
2.000000000000000000e+00 -6.123233995736766036e-17 1.000000000000000000e+00 6.123233995736766036e-17 3.000000000000000000e+00 0.000000000000000000e+00 4.952413526233010010e+00 -2.128896457825360522e-01 4.047586473766989990e+00 2.128896457825360522e-01
2.000000000000000000e+00 -6.123233995736766036e-17 1.000000000000000000e+00 6.123233995736766036e-17 3.000000000000000000e+00 0.000000000000000000e+00 4.970440384477113227e+00 -1.693689601226454622e-01 4.029559615522886773e+00 1.693689601226454622e-01
2.000000000000000000e+00 -6.123233995736766036e-17 1.000000000000000000e+00 6.123233995736766036e-17 3.000000000000000000e+00 0.000000000000000000e+00 4.984291580564315538e+00 -1.243449435824271893e-01 4.015708419435684462e+00 1.243449435824271893e-01
2.000000000000000000e+00 -6.123233995736766036e-17 1.000000000000000000e+00 6.123233995736766036e-17 3.000000000000000000e+00 0.000000000000000000e+00 4.993844170297569107e+00 -7.821723252011548999e-02 4.006155829702430893e+00 7.821723252011548999e-02
2.000000000000000000e+00 -6.123233995736766036e-17 1.000000000000000000e+00 6.123233995736766036e-17 3.000000000000000000e+00 0.000000000000000000e+00 4.999013364214135891e+00 -3.139525976465612489e-02 4.000986635785864109e+00 3.139525976465612489e-02
2.000000000000000000e+00 -6.123233995736766036e-17 1.000000000000000000e+00 6.123233995736766036e-17 3.000000000000000000e+00 0.000000000000000000e+00 4.999753280182865467e+00 -1.570537953906456230e-02 4.000246719817134533e+00 1.570537953906456230e-02
2.000000000000000000e+00 -6.123233995736766036e-17 1.000000000000000000e+00 6.123233995736766036e-17 3.000000000000000000e+00 0.000000000000000000e+00 4.996057350657238771e+00 -6.266661678215292020e-02 4.003942649342761229e+00 6.266661678215292020e-02
2.000000000000000000e+00 -6.123233995736766036e-17 1.000000000000000000e+00 6.123233995736766036e-17 3.000000000000000000e+00 0.000000000000000000e+00 4.987958380969373273e+00 -1.090716206982718095e-01 4.012041619030626727e+00 1.090716206982718095e-01
2.000000000000000000e+00 -6.123233995736766036e-17 1.000000000000000000e+00 6.123233995736766036e-17 3.000000000000000000e+00 0.000000000000000000e+00 4.975528258147576821e+00 -1.545084971874739754e-01 4.024471741852423179e+00 1.545084971874739754e-01
2.000000000000000000e+00 -6.123233995736766036e-17 1.000000000000000000e+00 6.123233995736766036e-17 3.000000000000000000e+00 0.000000000000000000e+00 4.958877312841990737e+00 -1.985739453173909208e-01 4.041122687158009263e+00 1.985739453173909208e-01
2.000000000000000000e+00 -6.123233995736766036e-17 1.000000000000000000e+00 6.123233995736766036e-17 3.000000000000000000e+00 0.000000000000000000e+00 4.938153340021931292e+00 -2.408768370508579948e-01 4.061846659978068708e+00 2.408768370508579948e-01
2.000000000000000000e+00 -6.123233995736766036e-17 1.000000000000000000e+00 6.123233995736766036e-17 3.000000000000000000e+00 0.000000000000000000e+00 4.913540287137280416e+00 -2.810416889260659579e-01 4.086459712862719584e+00 2.810416889260659579e-01
2.000000000000000000e+00 -6.123233995736766036e-17 1.000000000000000000e+00 6.123233995736766036e-17 3.000000000000000000e+00 0.000000000000000000e+00 4.885256621387894072e+00 -3.187119948743452613e-01 4.114743378612105928e+00 3.187119948743452613e-01
2.000000000000000000e+00 -6.123233995736766036e-17 1.000000000000000000e+00 6.123233995736766036e-17 3.000000000000000000e+00 0.000000000000000000e+00 4.853553390593273953e+00 -3.535533905932739529e-01 4.146446609406726047e+00 3.535533905932739529e-01
2.000000000000000000e+00 -6.123233995736766036e-17 1.000000000000000000e+00 6.123233995736766036e-17 3.000000000000000000e+00 0.000000000000000000e+00 4.818711994874344207e+00 -3.852566213878950707e-01 4.181288005125655793e+00 3.852566213878950707e-01
2.000000000000000000e+00 -6.123233995736766036e-17 1.000000000000000000e+00 6.123233995736766036e-17 3.000000000000000000e+00 0.000000000000000000e+00 4.781041688926064737e+00 -4.135402871372811373e-01 4.218958311073935263e+00 4.135402871372811373e-01
2.000000000000000000e+00 -6.123233995736766036e-17 1.000000000000000000e+00 6.123233995736766036e-17 3.000000000000000000e+00 0.000000000000000000e+00 4.740876837050857162e+00 -4.381533400219321805e-01 4.259123162949142838e+00 4.381533400219321805e-01
2.000000000000000000e+00 -6.123233995736766036e-17 1.000000000000000000e+00 6.123233995736766036e-17 3.000000000000000000e+00 0.000000000000000000e+00 4.698573945317390255e+00 -4.588773128419907366e-01 4.301426054682609745e+00 4.588773128419907366e-01
2.000000000000000000e+00 -6.123233995736766036e-17 1.000000000000000000e+00 6.123233995736766036e-17 3.000000000000000000e+00 0.000000000000000000e+00 4.654508497187473282e+00 -4.755282581475768211e-01 4.345491502812526718e+00 4.755282581475768211e-01
2.000000000000000000e+00 -6.123233995736766036e-17 1.000000000000000000e+00 6.123233995736766036e-17 3.000000000000000000e+00 0.000000000000000000e+00 4.609071620698270699e+00 -4.879583809693738283e-01 4.390928379301729301e+00 4.879583809693738283e-01
2.000000000000000000e+00 -6.123233995736766036e-17 1.000000000000000000e+00 6.123233995736766036e-17 3.000000000000000000e+00 0.000000000000000000e+00 4.562666616782151685e+00 -4.960573506572389380e-01 4.437333383217848315e+00 4.960573506572389380e-01
2.000000000000000000e+00 -6.123233995736766036e-17 1.000000000000000000e+00 6.123233995736766036e-17 3.000000000000000000e+00 0.000000000000000000e+00 4.515705379539062925e+00 -4.997532801828658000e-01 4.484294620460937075e+00 4.997532801828658000e-01
2.000000000000000000e+00 -6.123233995736766036e-17 1.000000000000000000e+00 6.123233995736766036e-17 3.000000000000000000e+00 0.000000000000000000e+00 4.468604740235342376e+00 -4.990133642141357795e-01 4.531395259764657624e+00 4.990133642141357795e-01
2.000000000000000000e+00 -6.123233995736766036e-17 1.000000000000000000e+00 6.123233995736766036e-17 3.000000000000000000e+00 0.000000000000000000e+00 4.421782767479883525e+00 -4.938441702975687186e-01 4.578217232520116475e+00 4.938441702975687186e-01
2.000000000000000000e+00 -6.123233995736766036e-17 1.000000000000000000e+00 6.123233995736766036e-17 3.000000000000000000e+00 0.000000000000000000e+00 4.375655056417572020e+00 -4.842915805643154270e-01 4.624344943582427980e+00 4.842915805643154270e-01
2.000000000000000000e+00 -6.123233995736766036e-17 1.000000000000000000e+00 6.123233995736766036e-17 3.000000000000000000e+00 0.000000000000000000e+00 4.330631039877354205e+00 -4.704403844771126164e-01 4.669368960122645795e+00 4.704403844771126164e-01
2.000000000000000000e+00 -6.123233995736766036e-17 1.000000000000000000e+00 6.123233995736766036e-17 3.000000000000000000e+00 0.000000000000000000e+00 4.287110354217462671e+00 -4.524135262330094553e-01 4.712889645782537329e+00 4.524135262330094553e-01
2.000000000000000000e+00 -6.123233995736766036e-17 1.000000000000000000e+00 6.123233995736766036e-17 3.000000000000000000e+00 0.000000000000000000e+00 4.245479292124813675e+00 -4.303710135019715444e-01 4.754520707875186325e+00 4.303710135019715444e-01
2.000000000000000000e+00 -6.123233995736766036e-17 1.000000000000000000e+00 6.123233995736766036e-17 3.000000000000000000e+00 0.000000000000000000e+00 4.206107373853762432e+00 -4.045084971874731705e-01 4.793892626146237568e+00 4.045084971874731705e-01
2.000000000000000000e+00 -6.123233995736766036e-17 1.000000000000000000e+00 6.123233995736766036e-17 3.000000000000000000e+00 0.000000000000000000e+00 4.169344067338173865e+00 -3.750555348152293522e-01 4.830655932661826135e+00 3.750555348152293522e-01
2.000000000000000000e+00 -6.123233995736766036e-17 1.000000000000000000e+00 6.123233995736766036e-17 3.000000000000000000e+00 0.000000000000000000e+00 4.135515686289293669e+00 -3.422735529643440300e-01 4.864484313710706331e+00 3.422735529643440300e-01
2.000000000000000000e+00 -6.123233995736766036e-17 1.000000000000000000e+00 6.123233995736766036e-17 3.000000000000000000e+00 0.000000000000000000e+00 4.104922493812154016e+00 -3.064535268264876322e-01 4.895077506187845984e+00 3.064535268264876322e-01
2.000000000000000000e+00 -6.123233995736766036e-17 1.000000000000000000e+00 6.123233995736766036e-17 3.000000000000000000e+00 0.000000000000000000e+00 4.077836037248991907e+00 -2.679133974894978842e-01 4.922163962751008093e+00 2.679133974894978842e-01
2.000000000000000000e+00 -6.123233995736766036e-17 1.000000000000000000e+00 6.123233995736766036e-17 3.000000000000000000e+00 0.000000000000000000e+00 4.054496737905815884e+00 -2.269952498697725973e-01 4.945503262094184116e+00 2.269952498697725973e-01
2.000000000000000000e+00 -6.123233995736766036e-17 1.000000000000000000e+00 6.123233995736766036e-17 3.000000000000000000e+00 0.000000000000000000e+00 4.035111757055874548e+00 -1.840622763423384045e-01 4.964888242944125452e+00 1.840622763423384045e-01
2.000000000000000000e+00 -6.123233995736766036e-17 1.000000000000000000e+00 6.123233995736766036e-17 3.000000000000000000e+00 0.000000000000000000e+00 4.019853157161528578e+00 -1.394955530196142768e-01 4.980146842838471422e+00 1.394955530196142768e-01
2.000000000000000000e+00 -6.123233995736766036e-17 1.000000000000000000e+00 6.123233995736766036e-17 3.000000000000000000e+00 0.000000000000000000e+00 4.008856374635655584e+00 -9.369065729286157884e-02 4.991143625364344416e+00 9.369065729286157884e-02
2.000000000000000000e+00 -6.123233995736766036e-17 1.000000000000000000e+00 6.123233995736766036e-17 3.000000000000000000e+00 0.000000000000000000e+00 4.002219017698459780e+00 -4.705415665925666985e-02 4.997780982301540220e+00 4.705415665925666985e-02
2.000000000000000000e+00 -6.123233995736766036e-17 1.000000000000000000e+00 6.123233995736766036e-17 3.000000000000000000e+00 0.000000000000000000e+00 4.000000000000000000e+00 0.000000000000000000e+00 5.000000000000000000e+00 0.000000000000000000e+00
