1.000000000000000000e+00 0.000000000000000000e+00 2.000000000000000000e+00 0.000000000000000000e+00 3.000000000000000000e+00 0.000000000000000000e+00 4.000000000000000000e+00 0.000000000000000000e+00 5.000000000000000000e+00 0.000000000000000000e+00
1.000000000000000000e+00 0.000000000000000000e+00 2.002219017698459780e+00 -4.705415665925716251e-02 2.997780982301540220e+00 4.705415665925716251e-02 4.000000000000000000e+00 0.000000000000000000e+00 5.000000000000000000e+00 0.000000000000000000e+00
1.000000000000000000e+00 0.000000000000000000e+00 2.008856374635655584e+00 -9.369065729286231436e-02 2.991143625364344416e+00 9.369065729286231436e-02 4.000000000000000000e+00 0.000000000000000000e+00 5.000000000000000000e+00 0.000000000000000000e+00
1.000000000000000000e+00 0.000000000000000000e+00 2.019853157161528578e+00 -1.394955530196146376e-01 2.980146842838471422e+00 1.394955530196146376e-01 4.000000000000000000e+00 0.000000000000000000e+00 5.000000000000000000e+00 0.000000000000000000e+00
1.000000000000000000e+00 0.000000000000000000e+00 2.035111757055874548e+00 -1.840622763423389874e-01 2.964888242944125452e+00 1.840622763423389874e-01 4.000000000000000000e+00 0.000000000000000000e+00 5.000000000000000000e+00 0.000000000000000000e+00
1.000000000000000000e+00 0.000000000000000000e+00 2.054496737905815884e+00 -2.269952498697733745e-01 2.945503262094184116e+00 2.269952498697733745e-01 4.000000000000000000e+00 0.000000000000000000e+00 5.000000000000000000e+00 0.000000000000000000e+00
1.000000000000000000e+00 0.000000000000000000e+00 2.077836037248992351e+00 -2.679133974894983283e-01 2.922163962751007649e+00 2.679133974894983283e-01 4.000000000000000000e+00 0.000000000000000000e+00 5.000000000000000000e+00 0.000000000000000000e+00
1.000000000000000000e+00 0.000000000000000000e+00 2.104922493812154904e+00 -3.064535268264882428e-01 2.895077506187845096e+00 3.064535268264882428e-01 4.000000000000000000e+00 0.000000000000000000e+00 5.000000000000000000e+00 0.000000000000000000e+00
1.000000000000000000e+00 0.000000000000000000e+00 2.135515686289294113e+00 -3.422735529643443630e-01 2.864484313710705887e+00 3.422735529643443630e-01 4.000000000000000000e+00 0.000000000000000000e+00 5.000000000000000000e+00 0.000000000000000000e+00
1.000000000000000000e+00 0.000000000000000000e+00 2.169344067338173865e+00 -3.750555348152297963e-01 2.830655932661826135e+00 3.750555348152297963e-01 4.000000000000000000e+00 0.000000000000000000e+00 5.000000000000000000e+00 0.000000000000000000e+00
1.000000000000000000e+00 0.000000000000000000e+00 2.206107373853763320e+00 -4.045084971874737256e-01 2.793892626146236680e+00 4.045084971874737256e-01 4.000000000000000000e+00 0.000000000000000000e+00 5.000000000000000000e+00 0.000000000000000000e+00
1.000000000000000000e+00 0.000000000000000000e+00 2.245479292124814563e+00 -4.303710135019718219e-01 2.754520707875185437e+00 4.303710135019718219e-01 4.000000000000000000e+00 0.000000000000000000e+00 5.000000000000000000e+00 0.000000000000000000e+00
1.000000000000000000e+00 0.000000000000000000e+00 2.287110354217463559e+00 -4.524135262330097884e-01 2.712889645782536441e+00 4.524135262330097884e-01 4.000000000000000000e+00 0.000000000000000000e+00 5.000000000000000000e+00 0.000000000000000000e+00
1.000000000000000000e+00 0.000000000000000000e+00 2.330631039877354205e+00 -4.704403844771127829e-01 2.669368960122645795e+00 4.704403844771127829e-01 4.000000000000000000e+00 0.000000000000000000e+00 5.000000000000000000e+00 0.000000000000000000e+00
1.000000000000000000e+00 0.000000000000000000e+00 2.375655056417572464e+00 -4.842915805643155380e-01 2.624344943582427536e+00 4.842915805643155380e-01 4.000000000000000000e+00 0.000000000000000000e+00 5.000000000000000000e+00 0.000000000000000000e+00
1.000000000000000000e+00 0.000000000000000000e+00 2.421782767479884857e+00 -4.938441702975688852e-01 2.578217232520115143e+00 4.938441702975688852e-01 4.000000000000000000e+00 0.000000000000000000e+00 5.000000000000000000e+00 0.000000000000000000e+00
1.000000000000000000e+00 0.000000000000000000e+00 2.468604740235343264e+00 -4.990133642141357795e-01 2.531395259764656736e+00 4.990133642141357795e-01 4.000000000000000000e+00 0.000000000000000000e+00 5.000000000000000000e+00 0.000000000000000000e+00
1.000000000000000000e+00 0.000000000000000000e+00 2.515705379539064257e+00 -4.997532801828658000e-01 2.484294620460935743e+00 4.997532801828658000e-01 4.000000000000000000e+00 0.000000000000000000e+00 5.000000000000000000e+00 0.000000000000000000e+00
1.000000000000000000e+00 0.000000000000000000e+00 2.562666616782152129e+00 -4.960573506572388824e-01 2.437333383217847871e+00 4.960573506572388824e-01 4.000000000000000000e+00 0.000000000000000000e+00 5.000000000000000000e+00 0.000000000000000000e+00
1.000000000000000000e+00 0.000000000000000000e+00 2.609071620698271143e+00 -4.879583809693737173e-01 2.390928379301728857e+00 4.879583809693737173e-01 4.000000000000000000e+00 0.000000000000000000e+00 5.000000000000000000e+00 0.000000000000000000e+00
1.000000000000000000e+00 0.000000000000000000e+00 2.654508497187473726e+00 -4.755282581475768211e-01 2.345491502812526274e+00 4.755282581475768211e-01 4.000000000000000000e+00 0.000000000000000000e+00 5.000000000000000000e+00 0.000000000000000000e+00
1.000000000000000000e+00 0.000000000000000000e+00 2.698573945317390255e+00 -4.588773128419905700e-01 2.301426054682609745e+00 4.588773128419905700e-01 4.000000000000000000e+00 0.000000000000000000e+00 5.000000000000000000e+00 0.000000000000000000e+00
1.000000000000000000e+00 0.000000000000000000e+00 2.740876837050857606e+00 -4.381533400219317365e-01 2.259123162949142394e+00 4.381533400219317365e-01 4.000000000000000000e+00 0.000000000000000000e+00 5.000000000000000000e+00 0.000000000000000000e+00
1.000000000000000000e+00 0.000000000000000000e+00 2.781041688926065181e+00 -4.135402871372808598e-01 2.218958311073934819e+00 4.135402871372808598e-01 4.000000000000000000e+00 0.000000000000000000e+00 5.000000000000000000e+00 0.000000000000000000e+00
1.000000000000000000e+00 0.000000000000000000e+00 2.818711994874345095e+00 -3.852566213878946266e-01 2.181288005125654905e+00 3.852566213878946266e-01 4.000000000000000000e+00 0.000000000000000000e+00 5.000000000000000000e+00 0.000000000000000000e+00
1.000000000000000000e+00 0.000000000000000000e+00 2.853553390593273953e+00 -3.535533905932736198e-01 2.146446609406726047e+00 3.535533905932736198e-01 4.000000000000000000e+00 0.000000000000000000e+00 5.000000000000000000e+00 0.000000000000000000e+00
1.000000000000000000e+00 0.000000000000000000e+00 2.885256621387894516e+00 -3.187119948743447617e-01 2.114743378612105484e+00 3.187119948743447617e-01 4.000000000000000000e+00 0.000000000000000000e+00 5.000000000000000000e+00 0.000000000000000000e+00
1.000000000000000000e+00 0.000000000000000000e+00 2.913540287137280860e+00 -2.810416889260652362e-01 2.086459712862719140e+00 2.810416889260652362e-01 4.000000000000000000e+00 0.000000000000000000e+00 5.000000000000000000e+00 0.000000000000000000e+00
1.000000000000000000e+00 0.000000000000000000e+00 2.938153340021931736e+00 -2.408768370508576062e-01 2.061846659978068264e+00 2.408768370508576062e-01 4.000000000000000000e+00 0.000000000000000000e+00 5.000000000000000000e+00 0.000000000000000000e+00
1.000000000000000000e+00 0.000000000000000000e+00 2.958877312841990737e+00 -1.985739453173903102e-01 2.041122687158009263e+00 1.985739453173903102e-01 4.000000000000000000e+00 0.000000000000000000e+00 5.000000000000000000e+00 0.000000000000000000e+00
1.000000000000000000e+00 0.000000000000000000e+00 2.975528258147576821e+00 -1.545084971874735591e-01 2.024471741852423179e+00 1.545084971874735591e-01 4.000000000000000000e+00 0.000000000000000000e+00 5.000000000000000000e+00 0.000000000000000000e+00
1.000000000000000000e+00 0.000000000000000000e+00 2.987958380969373717e+00 -1.090716206982711572e-01 2.012041619030626283e+00 1.090716206982711572e-01 4.000000000000000000e+00 0.000000000000000000e+00 5.000000000000000000e+00 0.000000000000000000e+00
1.000000000000000000e+00 0.000000000000000000e+00 2.996057350657238771e+00 -6.266661678215204589e-02 2.003942649342761229e+00 6.266661678215204589e-02 4.000000000000000000e+00 0.000000000000000000e+00 5.000000000000000000e+00 0.000000000000000000e+00
1.000000000000000000e+00 0.000000000000000000e+00 2.999753280182865911e+00 -1.570537953906411821e-02 2.000246719817134089e+00 1.570537953906411821e-02 4.000000000000000000e+00 0.000000000000000000e+00 5.000000000000000000e+00 0.000000000000000000e+00
1.000000000000000000e+00 0.000000000000000000e+00 2.999013364214135891e+00 -3.139525976465712409e-02 2.000986635785864109e+00 3.139525976465712409e-02 4.000000000000000000e+00 0.000000000000000000e+00 5.000000000000000000e+00 0.000000000000000000e+00
1.000000000000000000e+00 0.000000000000000000e+00 2.993844170297568663e+00 -7.821723252011560101e-02 2.006155829702431337e+00 7.821723252011560101e-02 4.000000000000000000e+00 0.000000000000000000e+00 5.000000000000000000e+00 0.000000000000000000e+00
1.000000000000000000e+00 0.000000000000000000e+00 2.984291580564315538e+00 -1.243449435824276195e-01 2.015708419435684462e+00 1.243449435824276195e-01 4.000000000000000000e+00 0.000000000000000000e+00 5.000000000000000000e+00 0.000000000000000000e+00
1.000000000000000000e+00 0.000000000000000000e+00 2.970440384477112783e+00 -1.693689601226459618e-01 2.029559615522887217e+00 1.693689601226459618e-01 4.000000000000000000e+00 0.000000000000000000e+00 5.000000000000000000e+00 0.000000000000000000e+00
1.000000000000000000e+00 0.000000000000000000e+00 2.952413526233009566e+00 -2.128896457825366628e-01 2.047586473766990434e+00 2.128896457825366628e-01 4.000000000000000000e+00 0.000000000000000000e+00 5.000000000000000000e+00 0.000000000000000000e+00
1.000000000000000000e+00 0.000000000000000000e+00 2.930371013501971600e+00 -2.545207078751860474e-01 2.069628986498028400e+00 2.545207078751860474e-01 4.000000000000000000e+00 0.000000000000000000e+00 5.000000000000000000e+00 0.000000000000000000e+00
1.000000000000000000e+00 0.000000000000000000e+00 2.904508497187473726e+00 -2.938926261462366796e-01 2.095491502812526274e+00 2.938926261462366796e-01 4.000000000000000000e+00 0.000000000000000000e+00 5.000000000000000000e+00 0.000000000000000000e+00
1.000000000000000000e+00 0.000000000000000000e+00 2.875055534815229574e+00 -3.306559326618261352e-01 2.124944465184770426e+00 3.306559326618261352e-01 4.000000000000000000e+00 0.000000000000000000e+00 5.000000000000000000e+00 0.000000000000000000e+00
1.000000000000000000e+00 0.000000000000000000e+00 2.842273552964344141e+00 -3.644843137107059983e-01 2.157726447035655859e+00 3.644843137107059983e-01 4.000000000000000000e+00 0.000000000000000000e+00 5.000000000000000000e+00 0.000000000000000000e+00
1.000000000000000000e+00 0.000000000000000000e+00 2.806453526826488076e+00 -3.950775061878454286e-01 2.193546473173511924e+00 3.950775061878454286e-01 4.000000000000000000e+00 0.000000000000000000e+00 5.000000000000000000e+00 0.000000000000000000e+00
1.000000000000000000e+00 0.000000000000000000e+00 2.767913397489497829e+00 -4.221639627510077597e-01 2.232086602510502171e+00 4.221639627510077597e-01 4.000000000000000000e+00 0.000000000000000000e+00 5.000000000000000000e+00 0.000000000000000000e+00
1.000000000000000000e+00 0.000000000000000000e+00 2.726995249869772930e+00 -4.455032620941841714e-01 2.273004750130227070e+00 4.455032620941841714e-01 4.000000000000000000e+00 0.000000000000000000e+00 5.000000000000000000e+00 0.000000000000000000e+00
1.000000000000000000e+00 0.000000000000000000e+00 2.684062276342338738e+00 -4.648882429441257846e-01 2.315937723657661262e+00 4.648882429441257846e-01 4.000000000000000000e+00 0.000000000000000000e+00 5.000000000000000000e+00 0.000000000000000000e+00
1.000000000000000000e+00 0.000000000000000000e+00 2.639495553019614249e+00 -4.801468428384715881e-01 2.360504446980385751e+00 4.801468428384715881e-01 4.000000000000000000e+00 0.000000000000000000e+00 5.000000000000000000e+00 0.000000000000000000e+00
1.000000000000000000e+00 0.000000000000000000e+00 2.593690657292861967e+00 -4.911436253643444161e-01 2.406309342707138033e+00 4.911436253643444161e-01 4.000000000000000000e+00 0.000000000000000000e+00 5.000000000000000000e+00 0.000000000000000000e+00
1.000000000000000000e+00 0.000000000000000000e+00 2.547054156659256829e+00 -4.977809823015400537e-01 2.452945843340743171e+00 4.977809823015400537e-01 4.000000000000000000e+00 0.000000000000000000e+00 5.000000000000000000e+00 0.000000000000000000e+00
1.000000000000000000e+00 0.000000000000000000e+00 2.499999999999999556e+00 -5.000000000000000000e-01 2.500000000000000444e+00 5.000000000000000000e-01 4.000000000000000000e+00 0.000000000000000000e+00 5.000000000000000000e+00 0.000000000000000000e+00
1.000000000000000000e+00 0.000000000000000000e+00 2.452945843340742726e+00 -4.977809823015399981e-01 2.547054156659257274e+00 4.977809823015399981e-01 4.000000000000000000e+00 0.000000000000000000e+00 5.000000000000000000e+00 0.000000000000000000e+00
1.000000000000000000e+00 0.000000000000000000e+00 2.406309342707137588e+00 -4.911436253643443051e-01 2.593690657292862412e+00 4.911436253643443051e-01 4.000000000000000000e+00 0.000000000000000000e+00 5.000000000000000000e+00 0.000000000000000000e+00
1.000000000000000000e+00 0.000000000000000000e+00 2.360504446980384863e+00 -4.801468428384714771e-01 2.639495553019615137e+00 4.801468428384714771e-01 4.000000000000000000e+00 0.000000000000000000e+00 5.000000000000000000e+00 0.000000000000000000e+00
1.000000000000000000e+00 0.000000000000000000e+00 2.315937723657660818e+00 -4.648882429441255626e-01 2.684062276342339182e+00 4.648882429441255626e-01 4.000000000000000000e+00 0.000000000000000000e+00 5.000000000000000000e+00 0.000000000000000000e+00
1.000000000000000000e+00 0.000000000000000000e+00 2.273004750130226181e+00 -4.455032620941836718e-01 2.726995249869773819e+00 4.455032620941836718e-01 4.000000000000000000e+00 0.000000000000000000e+00 5.000000000000000000e+00 0.000000000000000000e+00
1.000000000000000000e+00 0.000000000000000000e+00 2.232086602510501283e+00 -4.221639627510071491e-01 2.767913397489498717e+00 4.221639627510071491e-01 4.000000000000000000e+00 0.000000000000000000e+00 5.000000000000000000e+00 0.000000000000000000e+00
1.000000000000000000e+00 0.000000000000000000e+00 2.193546473173511480e+00 -3.950775061878449290e-01 2.806453526826488520e+00 3.950775061878449290e-01 4.000000000000000000e+00 0.000000000000000000e+00 5.000000000000000000e+00 0.000000000000000000e+00
1.000000000000000000e+00 0.000000000000000000e+00 2.157726447035655415e+00 -3.644843137107054987e-01 2.842273552964344585e+00 3.644843137107054987e-01 4.000000000000000000e+00 0.000000000000000000e+00 5.000000000000000000e+00 0.000000000000000000e+00
1.000000000000000000e+00 0.000000000000000000e+00 2.124944465184769982e+00 -3.306559326618256911e-01 2.875055534815230018e+00 3.306559326618256911e-01 4.000000000000000000e+00 0.000000000000000000e+00 5.000000000000000000e+00 0.000000000000000000e+00
1.000000000000000000e+00 0.000000000000000000e+00 2.095491502812525830e+00 -2.938926261462361800e-01 2.904508497187474170e+00 2.938926261462361800e-01 4.000000000000000000e+00 0.000000000000000000e+00 5.000000000000000000e+00 0.000000000000000000e+00
1.000000000000000000e+00 0.000000000000000000e+00 2.069628986498027956e+00 -2.545207078751851038e-01 2.930371013501972044e+00 2.545207078751851038e-01 4.000000000000000000e+00 0.000000000000000000e+00 5.000000000000000000e+00 0.000000000000000000e+00
1.000000000000000000e+00 0.000000000000000000e+00 2.047586473766989990e+00 -2.128896457825359967e-01 2.952413526233010010e+00 2.128896457825359967e-01 4.000000000000000000e+00 0.000000000000000000e+00 5.000000000000000000e+00 0.000000000000000000e+00
1.000000000000000000e+00 0.000000000000000000e+00 2.029559615522887217e+00 -1.693689601226454067e-01 2.970440384477112783e+00 1.693689601226454067e-01 4.000000000000000000e+00 0.000000000000000000e+00 5.000000000000000000e+00 0.000000000000000000e+00
1.000000000000000000e+00 0.000000000000000000e+00 2.015708419435684462e+00 -1.243449435824271337e-01 2.984291580564315538e+00 1.243449435824271337e-01 4.000000000000000000e+00 0.000000000000000000e+00 5.000000000000000000e+00 0.000000000000000000e+00
1.000000000000000000e+00 0.000000000000000000e+00 2.006155829702431337e+00 -7.821723252011543448e-02 2.993844170297568663e+00 7.821723252011543448e-02 4.000000000000000000e+00 0.000000000000000000e+00 5.000000000000000000e+00 0.000000000000000000e+00
1.000000000000000000e+00 0.000000000000000000e+00 2.000986635785864109e+00 -3.139525976465606244e-02 2.999013364214135891e+00 3.139525976465606244e-02 4.000000000000000000e+00 0.000000000000000000e+00 5.000000000000000000e+00 0.000000000000000000e+00
1.000246719817134311e+00 -1.570537953906449985e-02 1.999753280182865689e+00 1.570537953906449985e-02 3.000000000000000000e+00 0.000000000000000000e+00 4.000000000000000000e+00 0.000000000000000000e+00 5.000000000000000000e+00 0.000000000000000000e+00
1.003942649342761229e+00 -6.266661678215286468e-02 1.996057350657238771e+00 6.266661678215286468e-02 3.000000000000000000e+00 0.000000000000000000e+00 4.000000000000000000e+00 0.000000000000000000e+00 5.000000000000000000e+00 0.000000000000000000e+00
1.012041619030626283e+00 -1.090716206982717540e-01 1.987958380969373717e+00 1.090716206982717540e-01 3.000000000000000000e+00 0.000000000000000000e+00 4.000000000000000000e+00 0.000000000000000000e+00 5.000000000000000000e+00 0.000000000000000000e+00
1.024471741852423179e+00 -1.545084971874739199e-01 1.975528258147576821e+00 1.545084971874739199e-01 3.000000000000000000e+00 0.000000000000000000e+00 4.000000000000000000e+00 0.000000000000000000e+00 5.000000000000000000e+00 0.000000000000000000e+00
1.041122687158009708e+00 -1.985739453173908653e-01 1.958877312841990292e+00 1.985739453173908653e-01 3.000000000000000000e+00 0.000000000000000000e+00 4.000000000000000000e+00 0.000000000000000000e+00 5.000000000000000000e+00 0.000000000000000000e+00
1.061846659978068264e+00 -2.408768370508579393e-01 1.938153340021931736e+00 2.408768370508579393e-01 3.000000000000000000e+00 0.000000000000000000e+00 4.000000000000000000e+00 0.000000000000000000e+00 5.000000000000000000e+00 0.000000000000000000e+00
1.086459712862719584e+00 -2.810416889260659024e-01 1.913540287137280416e+00 2.810416889260659024e-01 3.000000000000000000e+00 0.000000000000000000e+00 4.000000000000000000e+00 0.000000000000000000e+00 5.000000000000000000e+00 0.000000000000000000e+00
1.114743378612105706e+00 -3.187119948743452058e-01 1.885256621387894294e+00 3.187119948743452058e-01 3.000000000000000000e+00 0.000000000000000000e+00 4.000000000000000000e+00 0.000000000000000000e+00 5.000000000000000000e+00 0.000000000000000000e+00
1.146446609406726491e+00 -3.535533905932738974e-01 1.853553390593273509e+00 3.535533905932738974e-01 3.000000000000000000e+00 0.000000000000000000e+00 4.000000000000000000e+00 0.000000000000000000e+00 5.000000000000000000e+00 0.000000000000000000e+00
1.181288005125655571e+00 -3.852566213878950152e-01 1.818711994874344429e+00 3.852566213878950152e-01 3.000000000000000000e+00 0.000000000000000000e+00 4.000000000000000000e+00 0.000000000000000000e+00 5.000000000000000000e+00 0.000000000000000000e+00
1.218958311073935041e+00 -4.135402871372810818e-01 1.781041688926064959e+00 4.135402871372810818e-01 3.000000000000000000e+00 0.000000000000000000e+00 4.000000000000000000e+00 0.000000000000000000e+00 5.000000000000000000e+00 0.000000000000000000e+00
1.259123162949143060e+00 -4.381533400219321250e-01 1.740876837050856940e+00 4.381533400219321250e-01 3.000000000000000000e+00 0.000000000000000000e+00 4.000000000000000000e+00 0.000000000000000000e+00 5.000000000000000000e+00 0.000000000000000000e+00
1.301426054682610189e+00 -4.588773128419907366e-01 1.698573945317389811e+00 4.588773128419907366e-01 3.000000000000000000e+00 0.000000000000000000e+00 4.000000000000000000e+00 0.000000000000000000e+00 5.000000000000000000e+00 0.000000000000000000e+00
1.345491502812526496e+00 -4.755282581475768211e-01 1.654508497187473504e+00 4.755282581475768211e-01 3.000000000000000000e+00 0.000000000000000000e+00 4.000000000000000000e+00 0.000000000000000000e+00 5.000000000000000000e+00 0.000000000000000000e+00
1.390928379301729301e+00 -4.879583809693738283e-01 1.609071620698270699e+00 4.879583809693738283e-01 3.000000000000000000e+00 0.000000000000000000e+00 4.000000000000000000e+00 0.000000000000000000e+00 5.000000000000000000e+00 0.000000000000000000e+00
1.437333383217848315e+00 -4.960573506572389380e-01 1.562666616782151685e+00 4.960573506572389380e-01 3.000000000000000000e+00 0.000000000000000000e+00 4.000000000000000000e+00 0.000000000000000000e+00 5.000000000000000000e+00 0.000000000000000000e+00
1.484294620460936631e+00 -4.997532801828658000e-01 1.515705379539063369e+00 4.997532801828658000e-01 3.000000000000000000e+00 0.000000000000000000e+00 4.000000000000000000e+00 0.000000000000000000e+00 5.000000000000000000e+00 0.000000000000000000e+00
1.531395259764657180e+00 -4.990133642141357795e-01 1.468604740235342820e+00 4.990133642141357795e-01 3.000000000000000000e+00 0.000000000000000000e+00 4.000000000000000000e+00 0.000000000000000000e+00 5.000000000000000000e+00 0.000000000000000000e+00
1.578217232520116253e+00 -4.938441702975687186e-01 1.421782767479883747e+00 4.938441702975687186e-01 3.000000000000000000e+00 0.000000000000000000e+00 4.000000000000000000e+00 0.000000000000000000e+00 5.000000000000000000e+00 0.000000000000000000e+00
1.624344943582427980e+00 -4.842915805643154270e-01 1.375655056417572020e+00 4.842915805643154270e-01 3.000000000000000000e+00 0.000000000000000000e+00 4.000000000000000000e+00 0.000000000000000000e+00 5.000000000000000000e+00 0.000000000000000000e+00
1.669368960122646017e+00 -4.704403844771126164e-01 1.330631039877353983e+00 4.704403844771126164e-01 3.000000000000000000e+00 0.000000000000000000e+00 4.000000000000000000e+00 0.000000000000000000e+00 5.000000000000000000e+00 0.000000000000000000e+00
1.712889645782536885e+00 -4.524135262330094553e-01 1.287110354217463115e+00 4.524135262330094553e-01 3.000000000000000000e+00 0.000000000000000000e+00 4.000000000000000000e+00 0.000000000000000000e+00 5.000000000000000000e+00 0.000000000000000000e+00
1.754520707875186103e+00 -4.303710135019715999e-01 1.245479292124813897e+00 4.303710135019715999e-01 3.000000000000000000e+00 0.000000000000000000e+00 4.000000000000000000e+00 0.000000000000000000e+00 5.000000000000000000e+00 0.000000000000000000e+00
1.793892626146237124e+00 -4.045084971874732260e-01 1.206107373853762876e+00 4.045084971874732260e-01 3.000000000000000000e+00 0.000000000000000000e+00 4.000000000000000000e+00 0.000000000000000000e+00 5.000000000000000000e+00 0.000000000000000000e+00
1.830655932661826357e+00 -3.750555348152294077e-01 1.169344067338173643e+00 3.750555348152294077e-01 3.000000000000000000e+00 0.000000000000000000e+00 4.000000000000000000e+00 0.000000000000000000e+00 5.000000000000000000e+00 0.000000000000000000e+00
1.864484313710705887e+00 -3.422735529643440855e-01 1.135515686289294113e+00 3.422735529643440855e-01 3.000000000000000000e+00 0.000000000000000000e+00 4.000000000000000000e+00 0.000000000000000000e+00 5.000000000000000000e+00 0.000000000000000000e+00
1.895077506187845540e+00 -3.064535268264876877e-01 1.104922493812154460e+00 3.064535268264876877e-01 3.000000000000000000e+00 0.000000000000000000e+00 4.000000000000000000e+00 0.000000000000000000e+00 5.000000000000000000e+00 0.000000000000000000e+00
1.922163962751007649e+00 -2.679133974894979398e-01 1.077836037248992351e+00 2.679133974894979398e-01 3.000000000000000000e+00 0.000000000000000000e+00 4.000000000000000000e+00 0.000000000000000000e+00 5.000000000000000000e+00 0.000000000000000000e+00
1.945503262094184338e+00 -2.269952498697726528e-01 1.054496737905815662e+00 2.269952498697726528e-01 3.000000000000000000e+00 0.000000000000000000e+00 4.000000000000000000e+00 0.000000000000000000e+00 5.000000000000000000e+00 0.000000000000000000e+00
1.964888242944125896e+00 -1.840622763423384600e-01 1.035111757055874104e+00 1.840622763423384600e-01 3.000000000000000000e+00 0.000000000000000000e+00 4.000000000000000000e+00 0.000000000000000000e+00 5.000000000000000000e+00 0.000000000000000000e+00
1.980146842838471644e+00 -1.394955530196143323e-01 1.019853157161528356e+00 1.394955530196143323e-01 3.000000000000000000e+00 0.000000000000000000e+00 4.000000000000000000e+00 0.000000000000000000e+00 5.000000000000000000e+00 0.000000000000000000e+00
1.991143625364344416e+00 -9.369065729286163435e-02 1.008856374635655584e+00 9.369065729286163435e-02 3.000000000000000000e+00 0.000000000000000000e+00 4.000000000000000000e+00 0.000000000000000000e+00 5.000000000000000000e+00 0.000000000000000000e+00
1.997780982301539998e+00 -4.705415665925673230e-02 1.002219017698460002e+00 4.705415665925673230e-02 3.000000000000000000e+00 0.000000000000000000e+00 4.000000000000000000e+00 0.000000000000000000e+00 5.000000000000000000e+00 0.000000000000000000e+00
2.000000000000000000e+00 -6.123233995736766036e-17 1.000000000000000000e+00 6.123233995736766036e-17 3.000000000000000000e+00 0.000000000000000000e+00 4.000000000000000000e+00 0.000000000000000000e+00 5.000000000000000000e+00 0.000000000000000000e+00
