2.999999985525019230e+00 2.607798596714457052e-08
2.999999984167585509e+00 4.248825444611049972e-08
2.999999982010715716e+00 5.539864202639418554e-08
2.999999978600384587e+00 6.555254305001832918e-08
2.999999973689932098e+00 7.331026564473709526e-08
2.999999967205293938e+00 7.894419317120397418e-08
2.999999959209545874e+00 8.266586039928807778e-08
2.999999949851623882e+00 8.462188102278630473e-08
2.999999939317009812e+00 8.490744360071530246e-08
2.999999927798719490e+00 8.359131366335591172e-08
2.999999915484817592e+00 8.073824065362587957e-08
2.999999902553924791e+00 7.642649683291879576e-08
2.999999889175505974e+00 7.076167049273759688e-08
2.999999875514774761e+00 6.388826456717572402e-08
2.999999861744147012e+00 5.599830229798357022e-08
2.999999848064517138e+00 4.733292344497671145e-08
2.999999834740970872e+00 3.816660421492008481e-08
2.999999822155333895e+00 2.874543325372024177e-08
2.999999810862233662e+00 1.906471518590040953e-08
2.999999755788507194e+00 2.466896809050211914e-08
2.999997901655153232e+00 2.104647972956470337e-08
2.999974474755027654e+00 -7.634317636550894486e-08
2.999743390039932400e+00 -1.010616066560086510e-06
2.998009613829480280e+00 -7.033301642003907246e-06
2.988392833584372799e+00 -2.175913511572404903e-05
2.944603289390583356e+00 -4.961115420439152907e-02
2.943539663664739958e+00 5.041366452354079791e-02
2.924803886173661382e+00 -1.087573584445407082e-01
2.924299295376179941e+00 1.101852005238678350e-01
2.917946240182270667e+00 2.801163820430429066e-03
2.902267289158030117e+00 -1.606418294146563785e-01
2.901854591036832520e+00 1.622898985430637764e-01
2.875344082840704640e+00 -2.082926061479755120e-01
2.874863617654838777e+00 2.100862049840169499e-01
2.843880425363755737e+00 -2.519145928812639434e-01
2.843255510529806962e+00 2.538016774685029620e-01
2.808058138557914418e+00 -2.912399457468966002e-01
2.807250099843523472e+00 2.931749490316417628e-01
2.768229352844069346e+00 -3.258865110866897563e-01
2.767221582452663586e+00 3.278309355106243106e-01
2.724858192801931089e+00 -3.554621590590083535e-01
2.723647026884074229e+00 3.573867018189315625e-01
2.678491052280561391e+00 -3.796076010067992446e-01
2.677078611943106701e+00 3.814935505443494135e-01
2.629737123137605881e+00 -3.980185230328917578e-01
2.628124749996227472e+00 3.998578089801064217e-01
2.579253082866239222e+00 -4.104589550787341445e-01
2.577435009094327434e+00 4.122524943742296721e-01
2.527729487530237851e+00 -4.167701371606564731e-01
2.525686808618357926e+00 4.185241237186608232e-01
2.475877705143319396e+00 -4.168766508607885668e-01
2.473573026999194013e+00 4.185963885393748085e-01
2.424416672641735992e+00 -4.107906316984167860e-01
2.421790140892021270e+00 4.124714758154343075e-01
2.374058809418009730e+00 -3.986144180073826759e-01
2.371026689094374529e+00 4.002294312366946327e-01
2.325494199767377701e+00 -3.805416029471950790e-01
2.321951838606783447e+00 3.820257669291143854e-01
2.279371707124466351e+00 -3.568558205658371452e-01
2.275203635616973141e+00 3.580873363080848693e-01
2.236275130853255799e+00 -3.279252950914027798e-01
2.231376086208723297e+00 3.287061803531289295e-01
2.196692359558048757e+00 -2.941886836768722868e-01
2.191003336619055553e+00 2.942303601448360562e-01
2.160976964980030779e+00 -2.561239571199490639e-01
2.154537240485312033e+00 2.550493148689696454e-01
2.129303605297083735e+00 -2.141915725092047862e-01
2.122308862503436533e+00 2.115643690472839566e-01
2.101621302841736316e+00 -1.686878509236361401e-01
2.094483514408556513e+00 1.641801948140565459e-01
2.077348087480716199e+00 -1.201532365945292558e-01
2.070657374166418929e+00 1.123906331300295186e-01
2.058216593557359975e+00 -6.683299860333895281e-02
2.046072431701465355e+00 5.979122826736361224e-02
2.027863734214240043e+00 3.139981776497017749e-03
1.972136840701296023e+00 -3.139786057854301524e-03
1.953927431168058781e+00 -5.979106006650614091e-02
1.941783847133688568e+00 6.683305628447537561e-02
1.929342597327001085e+00 -1.123906605492491356e-01
1.922652426029562100e+00 1.201532164278668741e-01
1.905516473215861595e+00 -1.641802083101540355e-01
1.898379172381461810e+00 1.686877507910046481e-01
1.877691133422419112e+00 -2.115643880309873159e-01
1.870696833803765058e+00 2.141914221553389563e-01
1.845462767256896841e+00 -2.550493333195018586e-01
1.839023432639474542e+00 2.561237651368500345e-01
1.808996683622982937e+00 -2.942303727185339168e-01
1.803307992088956535e+00 2.941884602158639228e-01
1.768623945900594796e+00 -3.287061815835523038e-01
1.763725171687276605e+00 3.279250502204561490e-01
1.724796406314914821e+00 -3.580873210404841855e-01
1.720628544946806615e+00 3.568555641105112808e-01
1.678048209757055487e+00 -3.820257306951042042e-01
1.674506002387113002e+00 3.805413441960554533e-01
1.628973361132612263e+00 -4.002293705990448980e-01
1.625941345226104007e+00 3.986141654175163196e-01
1.578209905721282391e+00 -4.124713886612397240e-01
1.575583438527964786e+00 4.107903926017464902e-01
1.526427009948761793e+00 -4.185962743057494717e-01
1.524122367887703611e+00 4.168764312107172687e-01
1.474313212423911112e+00 -4.185239835093711447e-01
1.472270553608697519e+00 4.167699413399950092e-01
1.422564990035132038e+00 -4.122523309785162682e-01
1.420746933113695709e+00 4.104587858114399634e-01
1.371875221862043581e+00 -3.998576267860556865e-01
1.370262874466347425e+00 3.980183813847728014e-01
1.322921328321870593e+00 -3.814933553437643843e-01
1.321508933383101381e+00 3.796074864883684508e-01
1.276352878835357529e+00 -3.573865005168603282e-01
1.275141786653797960e+00 3.554620698395501432e-01
1.232778287404197481e+00 -3.278307357529578470e-01
1.231770625137451391e+00 3.258864442774947467e-01
1.192749734643461235e+00 -2.931747587723394499e-01
1.191941841483404874e+00 2.912398977553539159e-01
1.156744290980035172e+00 -2.538015044867172887e-01
1.156119558957150018e+00 2.519145598219931781e-01
1.125136155184093933e+00 -2.100860563461843800e-01
1.124655906641504277e+00 2.082925843244778363e-01
1.098145159313975272e+00 -1.622897798684508619e-01
1.097732705108805717e+00 1.606418160152714714e-01
1.082053603289193422e+00 -2.801457785722776157e-03
1.075700440260631385e+00 -1.101851140326828571e-01
1.075196111796814735e+00 1.087573533967621103e-01
1.056460051060140515e+00 -5.041359221884478270e-02
1.055396725738134700e+00 4.961117295544881234e-02
1.011607048053182023e+00 2.171709495591399048e-05
1.001990272679586180e+00 7.025000590920795431e-06
1.000256498434372698e+00 1.015892635504207323e-06
1.000025414902333321e+00 8.858429308898681818e-08
1.000001988015458032e+00 -4.657299627829302547e-09
1.000000116977802334e+00 -1.175584401699736325e-08
1.000000018625308407e+00 -7.336432357972973058e-09
1.000000016184293905e+00 -1.078976156498774864e-08
1.000000013349584549e+00 -1.346621500044965074e-08
1.000000010268269568e+00 -1.558921866278941256e-08
1.000000007031039084e+00 -1.728995229667028800e-08
1.000000003686863703e+00 -1.866410350848694502e-08
1.000000000257621924e+00 -1.978037367510073937e-08
9.999999967493592434e-01 -2.068442815298675575e-08
9.999999931594263369e-01 -2.140226435797503959e-08
9.999999894805123857e-01 -2.194262409553444988e-08
9.999999857028589734e-01 -2.229790528947635692e-08
9.999999818160268950e-01 -2.244321480280152194e-08
9.999999778112846904e-01 -2.233354835127550006e-08
9.999999736863082189e-01 -2.189918346306723634e-08
9.999999694536506611e-01 -2.103984667295633662e-08
9.999999651549036361e-01 -1.961878049531551376e-08
9.999999608816425578e-01 -1.745755838776681739e-08
9.999999568012322149e-01 -1.432519230847237855e-08
9.999999531782571838e-01 -9.851890303558263895e-09
