1.980967738811738599e+00 9.927454993963477035e-10
1.930281234201160601e+00 8.180062061459246470e-02
1.930281233615957159e+00 -8.180061847198603908e-02
1.894692702855449884e+00 1.567365167106986590e-01
1.894692701724823403e+00 -1.567365147428657068e-01
1.852143518488498453e+00 2.225549114909775583e-01
1.852143516928220768e+00 -2.225549098579778506e-01
1.830749906577304964e+00 -3.263496466788485401e-02
1.830749906108571468e+00 3.263496782557204906e-02
1.817016658003449914e+00 -9.447352359319655113e-02
1.817016657342624963e+00 9.447352629965356796e-02
1.801358009021632567e+00 2.793502013731896660e-01
1.801358007185893007e+00 -2.793502001638586973e-01
1.792656403005946864e+00 -1.512237126238943075e-01
1.792656402477209143e+00 1.512237151146204328e-01
1.773654365211031037e+00 2.056655996086357407e-08
1.765355629921219860e+00 5.770244133889940868e-02
1.765355605930478466e+00 -5.770238883796983964e-02
1.759080633855921283e+00 -2.018789038420438775e-01
1.759080633709354302e+00 2.018789061717911060e-01
1.744910238601046881e+00 1.089578706446530099e-01
1.744910201097876756e+00 -1.089577799816363879e-01
1.742974386996102965e+00 3.262755301716321332e-01
1.742974385053423614e+00 -3.262755293967351533e-01
1.717503398163122696e+00 2.453092137497111802e-01
1.717503397671672483e+00 -2.453092115041227150e-01
1.716064524380217726e+00 1.530985023539089274e-01
1.716064511342128007e+00 -1.530983555555373021e-01
1.680684756077260422e+00 -1.899635410701202010e-01
1.680684698487103557e+00 1.899637213213312692e-01
1.678279814102498158e+00 3.623990481512107675e-01
1.678279812195018872e+00 -3.623990477422534551e-01
1.669247710926991424e+00 2.804159950587879480e-01
1.669247709738255203e+00 -2.804159929539237206e-01
1.640119884086751911e+00 -2.192180669791473357e-01
1.640119743511348371e+00 2.192182271831277507e-01
1.615801353319844758e+00 3.062423155410773368e-01
1.615801351489715154e+00 -3.062423138555859792e-01
1.608892544030000815e+00 3.869387307457607394e-01
1.608892542230365486e+00 -3.869387305808056898e-01
1.595626862661496226e+00 -2.404677575894396402e-01
1.595626670899705779e+00 2.404678562967365874e-01
1.558802843287730111e+00 3.220495998373331670e-01
1.558802840968416259e+00 -3.220495989036092355e-01
1.548482302460755689e+00 -2.533697345088049002e-01
1.548482100597194711e+00 2.533697711557458820e-01
1.536621558206197502e+00 3.993478850922701495e-01
1.536621556494496499e+00 -3.993478850536723024e-01
1.500000116654726545e+00 -2.576967638024230123e-01
1.500000001285615614e+00 3.273718044820578821e-01
1.499999998763279940e+00 -3.273718045002401711e-01
1.499999917414007067e+00 2.576967557057647240e-01
1.463378443505509496e+00 3.993478850536500979e-01
1.463378441793800722e+00 -3.993478850922660972e-01
1.451517922808752914e+00 -2.533698024214763311e-01
1.451517724764485262e+00 2.533697460009804447e-01
1.441197159098575264e+00 3.220495989110856994e-01
1.441197156745662289e+00 -3.220495998579390728e-01
1.404373325511532711e+00 -2.404678962142050014e-01
1.404373151179834078e+00 2.404677779368482593e-01
1.391107457769624967e+00 3.869387305808049127e-01
1.391107455969983864e+00 -3.869387307457657355e-01
1.384198648571175028e+00 3.062423139060573840e-01
1.384198646717680337e+00 -3.062423155653626883e-01
1.359880228475095487e+00 -2.192182520902016818e-01
1.359880116436698705e+00 2.192180876132873990e-01
1.330752290280186712e+00 2.804159930338075979e-01
1.330752289108401598e+00 -2.804159951105243409e-01
1.321720187804976909e+00 3.623990477422084355e-01
1.321720185897496513e+00 -3.623990481512098794e-01
1.319315270156521835e+00 -1.899637202979732042e-01
1.319315234617931543e+00 1.899635547288928139e-01
1.283935477466963349e+00 1.530983588512229432e-01
1.283935458984719391e+00 -1.530984862450133210e-01
1.282496602299546318e+00 2.453092115716664634e-01
1.282496601834514971e+00 -2.453092138273837430e-01
1.257025614946609693e+00 3.262755293967445347e-01
1.257025613003880160e+00 -3.262755301716432355e-01
1.255089793255328212e+00 1.089577767834632588e-01
1.255089759734672628e+00 -1.089578558405834285e-01
1.240919366231927556e+00 -2.018789062293064596e-01
1.240919366094332288e+00 2.018789038803210922e-01
1.234644394791124533e+00 5.770238632007516910e-02
1.234644374112731091e+00 -5.770243420762181247e-02
1.226345638366825641e+00 -1.915835453696892246e-08
1.207343597451533634e+00 -1.512237151083879183e-01
1.207343596933821761e+00 1.512237126298000833e-01
1.198641992814110102e+00 2.793502001638424326e-01
1.198641990978364991e+00 -2.793502013731428701e-01
1.182983342634555068e+00 -9.447352625655859593e-02
1.182983341958511181e+00 9.447352355731364337e-02
1.169250093912462596e+00 -3.263496780896618654e-02
1.169250093434579751e+00 3.263496463735633679e-02
1.147856483071799660e+00 2.225549098579738261e-01
1.147856481511519533e+00 -2.225549114909896598e-01
1.105307298275155947e+00 1.567365147428776417e-01
1.105307297144521028e+00 -1.567365167106991308e-01
1.069718766384042397e+00 8.180061847198172309e-02
1.069718765798838511e+00 -8.180062061459450473e-02
1.019032261188278721e+00 -9.927459989964221667e-10
