1.000000000000000000e+00 0.000000000000000000e+00 2.000000000000000000e+00 0.000000000000000000e+00
1.054496737905816106e+00 -2.269952498697733745e-01 1.945503262094183894e+00 2.269952498697733745e-01
1.206107373853763320e+00 -4.045084971874737256e-01 1.793892626146236680e+00 4.045084971874737256e-01
1.421782767479884635e+00 -4.938441702975688852e-01 1.578217232520115365e+00 4.938441702975688852e-01
1.654508497187473726e+00 -4.755282581475768211e-01 1.345491502812526274e+00 4.755282581475768211e-01
1.853553390593273731e+00 -3.535533905932737864e-01 1.146446609406726269e+00 3.535533905932737864e-01
1.975528258147576821e+00 -1.545084971874737534e-01 1.024471741852423179e+00 1.545084971874737534e-01
1.993844170297568885e+00 7.821723252011548999e-02 1.006155829702431115e+00 -7.821723252011548999e-02
1.904508497187473726e+00 2.938926261462365686e-01 1.095491502812526274e+00 -2.938926261462365686e-01
1.726995249869773374e+00 4.455032620941838939e-01 1.273004750130226626e+00 -4.455032620941838939e-01
1.500000000000000000e+00 5.000000000000000000e-01 1.500000000000000000e+00 -5.000000000000000000e-01
1.273004750130226626e+00 4.455032620941840049e-01 1.726995249869773374e+00 -4.455032620941840049e-01
1.095491502812526274e+00 2.938926261462366796e-01 1.904508497187473726e+00 -2.938926261462366796e-01
1.006155829702431115e+00 7.821723252011554550e-02 1.993844170297568885e+00 -7.821723252011554550e-02
1.024471741852423401e+00 1.545084971874740309e-01 1.975528258147576599e+00 -1.545084971874740309e-01
1.146446609406726491e+00 3.535533905932740084e-01 1.853553390593273509e+00 -3.535533905932740084e-01
1.345491502812526496e+00 4.755282581475768766e-01 1.654508497187473504e+00 -4.755282581475768766e-01
1.578217232520115809e+00 4.938441702975688297e-01 1.421782767479884191e+00 -4.938441702975688297e-01
1.793892626146236902e+00 4.045084971874735591e-01 1.206107373853763098e+00 -4.045084971874735591e-01
1.945503262094184116e+00 2.269952498697731247e-01 1.054496737905815884e+00 -2.269952498697731247e-01
2.000000000000000000e+00 -6.123233995736766036e-17 1.000000000000000000e+00 6.123233995736766036e-17
