1.000000000000000000e+00 0.000000000000000000e+00 2.000000000000000000e+00 0.000000000000000000e+00 3.000000000000000000e+00 0.000000000000000000e+00
1.000000000000000000e+00 0.000000000000000000e+00 2.000986635785864109e+00 -3.139525976465668694e-02 2.999013364214135891e+00 3.139525976465668694e-02
1.000000000000000000e+00 0.000000000000000000e+00 2.003942649342761229e+00 -6.266661678215212916e-02 2.996057350657238771e+00 6.266661678215212916e-02
1.000000000000000000e+00 0.000000000000000000e+00 2.008856374635655584e+00 -9.369065729286231436e-02 2.991143625364344416e+00 9.369065729286231436e-02
1.000000000000000000e+00 0.000000000000000000e+00 2.015708419435684462e+00 -1.243449435824273974e-01 2.984291580564315538e+00 1.243449435824273974e-01
1.000000000000000000e+00 0.000000000000000000e+00 2.024471741852423179e+00 -1.545084971874736979e-01 2.975528258147576821e+00 1.545084971874736979e-01
1.000000000000000000e+00 0.000000000000000000e+00 2.035111757055874548e+00 -1.840622763423389874e-01 2.964888242944125452e+00 1.840622763423389874e-01
1.000000000000000000e+00 0.000000000000000000e+00 2.047586473766990434e+00 -2.128896457825363575e-01 2.952413526233009566e+00 2.128896457825363575e-01
1.000000000000000000e+00 0.000000000000000000e+00 2.061846659978068264e+00 -2.408768370508576617e-01 2.938153340021931736e+00 2.408768370508576617e-01
1.000000000000000000e+00 0.000000000000000000e+00 2.077836037248992351e+00 -2.679133974894983283e-01 2.922163962751007649e+00 2.679133974894983283e-01
1.000000000000000000e+00 0.000000000000000000e+00 2.095491502812526274e+00 -2.938926261462365686e-01 2.904508497187473726e+00 2.938926261462365686e-01
1.000000000000000000e+00 0.000000000000000000e+00 2.114743378612105484e+00 -3.187119948743448727e-01 2.885256621387894516e+00 3.187119948743448727e-01
1.000000000000000000e+00 0.000000000000000000e+00 2.135515686289294113e+00 -3.422735529643443630e-01 2.864484313710705887e+00 3.422735529643443630e-01
1.000000000000000000e+00 0.000000000000000000e+00 2.157726447035655859e+00 -3.644843137107057762e-01 2.842273552964344141e+00 3.644843137107057762e-01
1.000000000000000000e+00 0.000000000000000000e+00 2.181288005125655349e+00 -3.852566213878946266e-01 2.818711994874344651e+00 3.852566213878946266e-01
1.000000000000000000e+00 0.000000000000000000e+00 2.206107373853763320e+00 -4.045084971874737256e-01 2.793892626146236680e+00 4.045084971874737256e-01
1.000000000000000000e+00 0.000000000000000000e+00 2.232086602510501727e+00 -4.221639627510075377e-01 2.767913397489498273e+00 4.221639627510075377e-01
1.000000000000000000e+00 0.000000000000000000e+00 2.259123162949142394e+00 -4.381533400219318475e-01 2.740876837050857606e+00 4.381533400219318475e-01
1.000000000000000000e+00 0.000000000000000000e+00 2.287110354217463559e+00 -4.524135262330097884e-01 2.712889645782536441e+00 4.524135262330097884e-01
1.000000000000000000e+00 0.000000000000000000e+00 2.315937723657661262e+00 -4.648882429441257291e-01 2.684062276342338738e+00 4.648882429441257291e-01
1.000000000000000000e+00 0.000000000000000000e+00 2.345491502812526274e+00 -4.755282581475767656e-01 2.654508497187473726e+00 4.755282581475767656e-01
1.000000000000000000e+00 0.000000000000000000e+00 2.375655056417572464e+00 -4.842915805643155380e-01 2.624344943582427536e+00 4.842915805643155380e-01
1.000000000000000000e+00 0.000000000000000000e+00 2.406309342707137588e+00 -4.911436253643443606e-01 2.593690657292862412e+00 4.911436253643443606e-01
1.000000000000000000e+00 0.000000000000000000e+00 2.437333383217847871e+00 -4.960573506572389380e-01 2.562666616782152129e+00 4.960573506572389380e-01
1.000000000000000000e+00 0.000000000000000000e+00 2.468604740235343264e+00 -4.990133642141357795e-01 2.531395259764656736e+00 4.990133642141357795e-01
1.000000000000000000e+00 0.000000000000000000e+00 2.500000000000000000e+00 -5.000000000000000000e-01 2.500000000000000000e+00 5.000000000000000000e-01
1.000000000000000000e+00 0.000000000000000000e+00 2.531395259764656736e+00 -4.990133642141357795e-01 2.468604740235343264e+00 4.990133642141357795e-01
1.000000000000000000e+00 0.000000000000000000e+00 2.562666616782152129e+00 -4.960573506572388824e-01 2.437333383217847871e+00 4.960573506572388824e-01
1.000000000000000000e+00 0.000000000000000000e+00 2.593690657292862412e+00 -4.911436253643443051e-01 2.406309342707137588e+00 4.911436253643443051e-01
1.000000000000000000e+00 0.000000000000000000e+00 2.624344943582427536e+00 -4.842915805643155380e-01 2.375655056417572464e+00 4.842915805643155380e-01
1.000000000000000000e+00 0.000000000000000000e+00 2.654508497187473726e+00 -4.755282581475767656e-01 2.345491502812526274e+00 4.755282581475767656e-01
1.000000000000000000e+00 0.000000000000000000e+00 2.684062276342339182e+00 -4.648882429441256736e-01 2.315937723657660818e+00 4.648882429441256736e-01
1.000000000000000000e+00 0.000000000000000000e+00 2.712889645782536441e+00 -4.524135262330097329e-01 2.287110354217463559e+00 4.524135262330097329e-01
1.000000000000000000e+00 0.000000000000000000e+00 2.740876837050857606e+00 -4.381533400219317365e-01 2.259123162949142394e+00 4.381533400219317365e-01
1.000000000000000000e+00 0.000000000000000000e+00 2.767913397489498273e+00 -4.221639627510074821e-01 2.232086602510501727e+00 4.221639627510074821e-01
1.000000000000000000e+00 0.000000000000000000e+00 2.793892626146236680e+00 -4.045084971874737256e-01 2.206107373853763320e+00 4.045084971874737256e-01
1.000000000000000000e+00 0.000000000000000000e+00 2.818711994874345095e+00 -3.852566213878946266e-01 2.181288005125654905e+00 3.852566213878946266e-01
1.000000000000000000e+00 0.000000000000000000e+00 2.842273552964344141e+00 -3.644843137107057207e-01 2.157726447035655859e+00 3.644843137107057207e-01
1.000000000000000000e+00 0.000000000000000000e+00 2.864484313710705887e+00 -3.422735529643442520e-01 2.135515686289294113e+00 3.422735529643442520e-01
1.000000000000000000e+00 0.000000000000000000e+00 2.885256621387894516e+00 -3.187119948743447617e-01 2.114743378612105484e+00 3.187119948743447617e-01
1.000000000000000000e+00 0.000000000000000000e+00 2.904508497187473726e+00 -2.938926261462366241e-01 2.095491502812526274e+00 2.938926261462366241e-01
1.000000000000000000e+00 0.000000000000000000e+00 2.922163962751007649e+00 -2.679133974894983283e-01 2.077836037248992351e+00 2.679133974894983283e-01
1.000000000000000000e+00 0.000000000000000000e+00 2.938153340021931736e+00 -2.408768370508576062e-01 2.061846659978068264e+00 2.408768370508576062e-01
1.000000000000000000e+00 0.000000000000000000e+00 2.952413526233010010e+00 -2.128896457825362465e-01 2.047586473766989990e+00 2.128896457825362465e-01
1.000000000000000000e+00 0.000000000000000000e+00 2.964888242944125896e+00 -1.840622763423388764e-01 2.035111757055874104e+00 1.840622763423388764e-01
1.000000000000000000e+00 0.000000000000000000e+00 2.975528258147576821e+00 -1.545084971874735591e-01 2.024471741852423179e+00 1.545084971874735591e-01
1.000000000000000000e+00 0.000000000000000000e+00 2.984291580564315538e+00 -1.243449435824274113e-01 2.015708419435684462e+00 1.243449435824274113e-01
1.000000000000000000e+00 0.000000000000000000e+00 2.991143625364344416e+00 -9.369065729286228661e-02 2.008856374635655584e+00 9.369065729286228661e-02
1.000000000000000000e+00 0.000000000000000000e+00 2.996057350657238771e+00 -6.266661678215204589e-02 2.003942649342761229e+00 6.266661678215204589e-02
1.000000000000000000e+00 0.000000000000000000e+00 2.999013364214135891e+00 -3.139525976465656898e-02 2.000986635785864109e+00 3.139525976465656898e-02
1.000000000000000000e+00 2.220446049250313081e-16 3.000000000000000000e+00 -6.123233995736766036e-17 2.000000000000000000e+00 -1.608122649676636354e-16
1.000986635785864109e+00 3.139525976465672857e-02 3.000000000000000000e+00 -6.123233995736766036e-17 1.999013364214135891e+00 -3.139525976465667306e-02
1.003942649342761229e+00 6.266661678215221243e-02 3.000000000000000000e+00 -6.123233995736766036e-17 1.996057350657238771e+00 -6.266661678215215692e-02
1.008856374635655584e+00 9.369065729286243926e-02 3.000000000000000000e+00 -6.123233995736766036e-17 1.991143625364344416e+00 -9.369065729286238375e-02
1.015708419435684462e+00 1.243449435824275640e-01 3.000000000000000000e+00 -6.123233995736766036e-17 1.984291580564315538e+00 -1.243449435824275084e-01
1.024471741852423179e+00 1.545084971874739199e-01 3.000000000000000000e+00 -6.123233995736766036e-17 1.975528258147576821e+00 -1.545084971874738644e-01
1.035111757055874326e+00 1.840622763423392094e-01 3.000000000000000000e+00 -6.123233995736766036e-17 1.964888242944125674e+00 -1.840622763423391539e-01
1.047586473766990212e+00 2.128896457825363853e-01 3.000000000000000000e+00 -6.123233995736766036e-17 1.952413526233009788e+00 -2.128896457825363298e-01
1.061846659978068264e+00 2.408768370508577450e-01 3.000000000000000000e+00 -6.123233995736766036e-17 1.938153340021931736e+00 -2.408768370508576895e-01
1.077836037248992573e+00 2.679133974894984949e-01 3.000000000000000000e+00 -6.123233995736766036e-17 1.922163962751007427e+00 -2.679133974894983838e-01
1.095491502812526274e+00 2.938926261462367906e-01 3.000000000000000000e+00 -6.123233995736766036e-17 1.904508497187473726e+00 -2.938926261462366796e-01
1.114743378612105484e+00 3.187119948743450948e-01 3.000000000000000000e+00 -6.123233995736766036e-17 1.885256621387894516e+00 -3.187119948743449838e-01
1.135515686289294335e+00 3.422735529643444741e-01 3.000000000000000000e+00 -6.123233995736766036e-17 1.864484313710705665e+00 -3.422735529643443630e-01
1.157726447035655859e+00 3.644843137107058872e-01 3.000000000000000000e+00 -6.123233995736766036e-17 1.842273552964344141e+00 -3.644843137107057762e-01
1.181288005125655349e+00 3.852566213878947932e-01 3.000000000000000000e+00 -6.123233995736766036e-17 1.818711994874344651e+00 -3.852566213878946821e-01
1.206107373853763320e+00 4.045084971874737811e-01 3.000000000000000000e+00 -6.123233995736766036e-17 1.793892626146236680e+00 -4.045084971874736701e-01
1.232086602510501949e+00 4.221639627510077042e-01 3.000000000000000000e+00 -6.123233995736766036e-17 1.767913397489498051e+00 -4.221639627510075932e-01
1.259123162949142394e+00 4.381533400219319030e-01 3.000000000000000000e+00 -6.123233995736766036e-17 1.740876837050857606e+00 -4.381533400219317920e-01
1.287110354217464003e+00 4.524135262330099549e-01 3.000000000000000000e+00 -6.123233995736766036e-17 1.712889645782535997e+00 -4.524135262330098439e-01
1.315937723657661040e+00 4.648882429441258402e-01 3.000000000000000000e+00 -6.123233995736766036e-17 1.684062276342338960e+00 -4.648882429441257291e-01
1.345491502812526274e+00 4.755282581475768211e-01 3.000000000000000000e+00 -6.123233995736766036e-17 1.654508497187473726e+00 -4.755282581475767101e-01
1.375655056417572908e+00 4.842915805643156490e-01 3.000000000000000000e+00 -6.123233995736766036e-17 1.624344943582427092e+00 -4.842915805643155380e-01
1.406309342707137811e+00 4.911436253643444161e-01 3.000000000000000000e+00 -6.123233995736766036e-17 1.593690657292862189e+00 -4.911436253643443051e-01
1.437333383217848093e+00 4.960573506572389935e-01 3.000000000000000000e+00 -6.123233995736766036e-17 1.562666616782151907e+00 -4.960573506572388824e-01
1.468604740235343487e+00 4.990133642141358350e-01 3.000000000000000000e+00 -6.123233995736766036e-17 1.531395259764656513e+00 -4.990133642141357240e-01
1.500000000000000000e+00 5.000000000000000000e-01 3.000000000000000000e+00 -6.123233995736766036e-17 1.500000000000000000e+00 -4.999999999999999445e-01
1.531395259764656958e+00 4.990133642141358350e-01 3.000000000000000000e+00 -6.123233995736766036e-17 1.468604740235343042e+00 -4.990133642141357240e-01
1.562666616782152129e+00 4.960573506572389380e-01 3.000000000000000000e+00 -6.123233995736766036e-17 1.437333383217847871e+00 -4.960573506572388269e-01
1.593690657292862634e+00 4.911436253643443606e-01 3.000000000000000000e+00 -6.123233995736766036e-17 1.406309342707137366e+00 -4.911436253643442496e-01
1.624344943582427536e+00 4.842915805643155935e-01 3.000000000000000000e+00 -6.123233995736766036e-17 1.375655056417572464e+00 -4.842915805643154825e-01
1.654508497187473726e+00 4.755282581475768766e-01 3.000000000000000000e+00 -6.123233995736766036e-17 1.345491502812526274e+00 -4.755282581475767656e-01
1.684062276342339182e+00 4.648882429441256736e-01 3.000000000000000000e+00 -6.123233995736766036e-17 1.315937723657660818e+00 -4.648882429441255626e-01
1.712889645782536441e+00 4.524135262330097884e-01 3.000000000000000000e+00 -6.123233995736766036e-17 1.287110354217463559e+00 -4.524135262330096774e-01
1.740876837050857828e+00 4.381533400219316809e-01 3.000000000000000000e+00 -6.123233995736766036e-17 1.259123162949142172e+00 -4.381533400219315699e-01
1.767913397489498495e+00 4.221639627510075377e-01 3.000000000000000000e+00 -6.123233995736766036e-17 1.232086602510501505e+00 -4.221639627510074266e-01
1.793892626146236902e+00 4.045084971874735591e-01 3.000000000000000000e+00 -6.123233995736766036e-17 1.206107373853763098e+00 -4.045084971874734481e-01
1.818711994874345095e+00 3.852566213878945156e-01 3.000000000000000000e+00 -6.123233995736766036e-17 1.181288005125654905e+00 -3.852566213878944046e-01
1.842273552964344363e+00 3.644843137107057762e-01 3.000000000000000000e+00 -6.123233995736766036e-17 1.157726447035655637e+00 -3.644843137107056652e-01
1.864484313710705887e+00 3.422735529643441410e-01 3.000000000000000000e+00 -6.123233995736766036e-17 1.135515686289294113e+00 -3.422735529643440300e-01
1.885256621387894738e+00 3.187119948743448172e-01 3.000000000000000000e+00 -6.123233995736766036e-17 1.114743378612105262e+00 -3.187119948743447062e-01
1.904508497187473948e+00 2.938926261462362910e-01 3.000000000000000000e+00 -6.123233995736766036e-17 1.095491502812526052e+00 -2.938926261462361800e-01
1.922163962751007649e+00 2.679133974894981618e-01 3.000000000000000000e+00 -6.123233995736766036e-17 1.077836037248992351e+00 -2.679133974894980508e-01
1.938153340021931736e+00 2.408768370508576617e-01 3.000000000000000000e+00 -6.123233995736766036e-17 1.061846659978068264e+00 -2.408768370508576062e-01
1.952413526233010010e+00 2.128896457825361077e-01 3.000000000000000000e+00 -6.123233995736766036e-17 1.047586473766989990e+00 -2.128896457825360522e-01
1.964888242944125674e+00 1.840622763423389319e-01 3.000000000000000000e+00 -6.123233995736766036e-17 1.035111757055874326e+00 -1.840622763423388764e-01
1.975528258147576821e+00 1.545084971874733926e-01 3.000000000000000000e+00 -6.123233995736766036e-17 1.024471741852423179e+00 -1.545084971874733371e-01
1.984291580564315538e+00 1.243449435824272448e-01 3.000000000000000000e+00 -6.123233995736766036e-17 1.015708419435684462e+00 -1.243449435824271893e-01
1.991143625364344416e+00 9.369065729286234212e-02 3.000000000000000000e+00 -6.123233995736766036e-17 1.008856374635655584e+00 -9.369065729286228661e-02
1.996057350657238993e+00 6.266661678215187936e-02 3.000000000000000000e+00 -6.123233995736766036e-17 1.003942649342761007e+00 -6.266661678215182385e-02
1.999013364214135891e+00 3.139525976465662449e-02 3.000000000000000000e+00 -6.123233995736766036e-17 1.000986635785864109e+00 -3.139525976465656898e-02
2.000000000000000000e+00 1.224646799147353207e-16 3.000000000000000000e+00 -6.123233995736764803e-17 1.000000000000000000e+00 -6.123233995736764803e-17
