0.000000000000000000e+00 -2.247524752475247745e+00 -2.088538363156235082e-17
1.000000000000000000e+00 3.488320269289422543e-05 1.042898694476410981e-01
2.000000000000000000e+00 1.255384708377036140e-01 3.944894259914029540e-03
3.000000000000000000e+00 4.044514496153654541e-03 -6.521779965310467442e-02
4.000000000000000000e+00 -8.516030670132335428e-04 -1.041132829394790673e-06
5.000000000000000000e+00 1.907121510476103132e-03 -1.526773534218504522e-02
6.000000000000000000e+00 -3.254953467448418506e-04 2.845449615412509435e-05
7.000000000000000000e+00 1.332378303045819940e-03 -7.054800961921008084e-03
8.000000000000000000e+00 -1.823954469830513659e-04 4.057677768646154631e-05
9.000000000000000000e+00 1.036393001694500479e-03 -4.073782264307793284e-03
1.000000000000000000e+01 -1.239633587686465106e-04 4.728514650378058199e-05
1.100000000000000000e+01 8.506989167963399006e-04 -2.640757907776356342e-03
1.200000000000000000e+01 -9.576263848357126633e-05 5.139640182462775771e-05
1.300000000000000000e+01 7.218230331788937863e-04 -1.837889659480356061e-03
1.400000000000000000e+01 -8.120109879469774813e-05 5.398185877347602750e-05
1.500000000000000000e+01 6.265449070007500423e-04 -1.341638710596237700e-03
1.600000000000000000e+01 -7.375456773822950177e-05 5.554800631302244242e-05
1.700000000000000000e+01 5.529331883817411144e-04 -1.013005248890968581e-03
1.800000000000000000e+01 -7.041938958221276713e-05 5.636545711604293442e-05
1.900000000000000000e+01 4.941634666080104137e-04 -7.839147629161717819e-04
2.000000000000000000e+01 -6.965476417481768407e-05 5.658955249182491689e-05
2.100000000000000000e+01 4.460272574045398932e-04 -6.177367334597348107e-04
2.200000000000000000e+01 -7.060601419981315412e-05 5.631263445873145492e-05
2.300000000000000000e+01 4.057791176815942250e-04 -4.933023383012120639e-04
2.400000000000000000e+01 -7.277090096353684527e-05 5.558939425725124172e-05
2.500000000000000000e+01 3.715476587300800982e-04 -3.976713089382823401e-04
2.600000000000000000e+01 -7.584168621620338880e-05 5.445015940186304234e-05
2.700000000000000000e+01 3.420113399940044423e-04 -3.225655023912992153e-04
2.800000000000000000e+01 -7.962451932921631767e-05 5.290822242156371328e-05
2.900000000000000000e+01 3.162092316371337575e-04 -2.624862761293870767e-04
3.000000000000000000e+01 -8.399574452500051410e-05 5.096397781681109531e-05
3.100000000000000000e+01 2.934251817154224303e-04 -2.136637279470685947e-04
3.200000000000000000e+01 -8.887705175942198070e-05 4.860721671280760853e-05
3.300000000000000000e+01 2.731140632634504418e-04 -1.734423133818839167e-04
3.400000000000000000e+01 -9.422080053309168219e-05 4.581827190774509295e-05
3.500000000000000000e+01 2.548532222125217471e-04 -1.399071633292350251e-04
3.600000000000000000e+01 -1.000011114847308913e-04 4.256837749930699052e-05
3.700000000000000000e+01 2.383095856278640175e-04 -1.116489619130176756e-04
3.800000000000000000e+01 -1.062083787694217350e-04 3.881943009096379497e-05
3.900000000000000000e+01 2.232168143384830787e-04 -8.761157832135514514e-05
4.000000000000000000e+01 -1.128459037250295654e-04 3.452323417391164743e-05
4.100000000000000000e+01 2.093590764180211885e-04 -6.699073414862952364e-05
4.200000000000000000e+01 -1.199279095673684911e-04 2.962024496313104904e-05
4.300000000000000000e+01 1.965592894847611267e-04 -4.916504588165903494e-05
4.400000000000000000e+01 -1.274785093451885729e-04 2.403776796550408646e-05
4.500000000000000000e+01 1.846704415798011321e-04 -3.364812521976186704e-05
4.600000000000000000e+01 -1.355313827151422793e-04 1.768752402480626310e-05
4.700000000000000000e+01 1.735690698189967665e-04 -2.005468500854165159e-05
4.800000000000000000e+01 -1.441300313430803840e-04 1.046243281490633521e-05
4.900000000000000000e+01 1.631502723390746399e-04 -8.076148244366877652e-06
5.000000000000000000e+01 -1.533285602484008058e-04 2.232398509623989263e-06
-5.000000000000000000e+01 1.533238197950041206e-04 2.537178446766296294e-06
-4.900000000000000000e+01 -1.631929918530112818e-04 -7.161211132874576212e-06
-4.800000000000000000e+01 1.440110570483291283e-04 1.198932371765058407e-05
-4.700000000000000000e+01 -1.738031728843671575e-04 -1.791283014974091479e-05
-4.600000000000000000e+01 1.351423669757474666e-04 2.044859053853212511e-05
-4.500000000000000000e+01 -1.852553908752688119e-04 -3.026232766503515252e-05
-4.400000000000000000e+01 1.266550203168858820e-04 2.805513254587258445e-05
-4.300000000000000000e+01 -1.976658857550866262e-04 -4.450790522980943207e-05
-4.200000000000000000e+01 1.184912661383288917e-04 3.492681282062044595e-05
-4.100000000000000000e+01 -2.111755338558395773e-04 -6.102356299902334571e-05
-4.000000000000000000e+01 1.105965306988424522e-04 4.116380792297451248e-05
-3.900000000000000000e+01 -2.259561119285456721e-04 -8.028306385264440766e-05
-3.800000000000000000e+01 1.029175888566158842e-04 4.685229746059928852e-05
-3.700000000000000000e+01 -2.422187412149907969e-04 -1.028932976559643759e-04
-3.600000000000000000e+01 9.540054874395311054e-05 5.206749811956741173e-05
-3.500000000000000000e+01 -2.602254048575710754e-04 -1.296414975601901259e-04
-3.400000000000000000e+01 8.798843947288493455e-05 5.687624998902228983e-05
-3.300000000000000000e+01 -2.803048910763875274e-04 -1.615632868636458319e-04
-3.200000000000000000e+01 8.061809745586967458e-05 6.133933655160280624e-05
-3.100000000000000000e+01 -3.028752532515466083e-04 -2.000427626105011900e-04
-3.000000000000000000e+01 7.321587934113585913e-05 6.551371723166248353e-05
-2.900000000000000000e+01 -3.284761011234899161e-04 -2.469631031543829307e-04
-2.800000000000000000e+01 6.569143029286453632e-05 6.945487790160033621e-05
-2.700000000000000000e+01 -3.578161275282591160e-04 -3.049391396625042742e-04
-2.600000000000000000e+01 5.792818958773061086e-05 7.321957441866847884e-05
-2.500000000000000000e+01 -3.918449765586611640e-04 -3.776872343702834659e-04
-2.400000000000000000e+01 4.976828198648594842e-05 7.686938850447847817e-05
-2.300000000000000000e+01 -4.318653859054522059e-04 -4.706338043286007172e-04
-2.200000000000000000e+01 4.098740454380828883e-05 8.047580201315191275e-05
-2.100000000000000000e+01 -4.797147340045260591e-04 -5.919567215533644029e-04
-2.000000000000000000e+01 3.125108520691085900e-05 8.412807674543221204e-05
-1.900000000000000000e+01 -5.380720863040747886e-04 -7.544523293014096738e-04
-1.800000000000000000e+01 2.003434621208036490e-05 8.794646187821311331e-05
-1.700000000000000000e+01 -6.110056758752088497e-04 -9.790744655759973762e-04
-1.600000000000000000e+01 6.464611396702278568e-06 9.210605879698755807e-05
-1.500000000000000000e+01 -7.050148811845067739e-04 -1.302116341794142765e-03
-1.400000000000000000e+01 -1.100999326415633577e-05 9.688363933319006790e-05
-1.300000000000000000e+01 -8.311843568125704866e-04 -1.791088902495493193e-03
-1.200000000000000000e+01 -3.539279395376466043e-05 1.027590540341286897e-04
-1.100000000000000000e+01 -1.010149169282500460e-03 -2.583967807523870636e-03
-1.000000000000000000e+01 -7.318480926493403248e-05 1.106651846333285761e-04
-9.000000000000000000e+00 -1.285398604869735992e-03 -4.002194750077695852e-03
-8.000000000000000000e+00 -1.408988679658677498e-04 1.227276781067363637e-04
-7.000000000000000000e+00 -1.767931288189052846e-03 -6.958438583115682426e-03
-6.000000000000000000e+00 -2.927070839097448899e-04 1.451876101223728891e-04
-5.000000000000000000e+00 -2.857196486972853316e-03 -1.511877254176255923e-02
-4.000000000000000000e+00 -8.256292493196677003e-04 2.087228075024734689e-04
-3.000000000000000000e+00 -8.126733729469133236e-03 -6.483575933073061626e-02
-2.000000000000000000e+00 1.250575988916555470e-01 -1.166476791216357854e-02
-1.000000000000000000e+00 6.518479095861902384e-03 1.040859621491806719e-01
