0.000000000000000000e+00 9.999999999999998224e+00 1.319076860940779987e-17
1.000000000000000000e+00 4.459065537310834224e-16 1.928810424502408482e-16
2.000000000000000000e+00 -8.342882165324357908e-17 2.009746558420792514e-16
3.000000000000000000e+00 -1.577815855306697707e-16 4.616884019469442190e-16
4.000000000000000000e+00 2.184576697563873076e-16 -1.136822334520161229e-16
5.000000000000000000e+00 -4.184342812685485683e-17 1.831167007458773370e-16
6.000000000000000000e+00 -2.348428533633485687e-16 -2.212178411357361283e-16
7.000000000000000000e+00 3.379039640647991395e-16 -7.225711878078512754e-17
8.000000000000000000e+00 3.914801149910816017e-17 4.993511809066856539e-17
9.000000000000000000e+00 4.572020093526878801e-17 -1.241207699410031565e-16
1.000000000000000000e+01 4.514065778612056873e-17 -3.197261584602334647e-16
1.100000000000000000e+01 -1.281133694282220885e-16 -1.786597083318752288e-16
1.200000000000000000e+01 4.578423925622827243e-17 -9.758532061866334269e-17
1.300000000000000000e+01 -2.571836560121366472e-16 -2.041004379996296873e-16
1.400000000000000000e+01 -1.302833178547231026e-16 7.384075248422932244e-17
1.500000000000000000e+01 -3.190311578426345535e-16 -2.062509349620789416e-16
1.600000000000000000e+01 -7.252936232723113297e-16 6.158159357757060167e-17
1.700000000000000000e+01 2.469986187785942085e-16 -3.056783207780191963e-17
1.800000000000000000e+01 -7.457355012970560572e-17 1.831200402919326503e-17
1.900000000000000000e+01 2.780968055181859714e-16 2.954681113040623554e-16
2.000000000000000000e+01 -5.080192874622542379e-16 9.377106429608987277e-17
2.100000000000000000e+01 4.083801395153032174e-16 6.676398028137397431e-17
2.200000000000000000e+01 -4.542450637582596072e-16 -4.310165898393850461e-17
2.300000000000000000e+01 5.744259715017808175e-17 -1.968979565304713872e-16
2.400000000000000000e+01 -1.585354323837427014e-16 6.427929075764604493e-16
2.500000000000000000e+01 1.457616611316626775e-16 -1.931156450766264384e-16
2.600000000000000000e+01 -1.592330488722068252e-16 -1.678046137271152859e-16
2.700000000000000000e+01 3.756573241404353780e-17 -9.306595862546036154e-17
2.800000000000000000e+01 1.154119138941204613e-16 -3.125227118338756484e-16
2.900000000000000000e+01 1.384102522956128278e-18 3.167643694927808119e-17
3.000000000000000000e+01 4.181128797704254313e-16 2.643180361476749609e-16
3.100000000000000000e+01 -4.590429140590777152e-17 3.366735188698934602e-16
3.200000000000000000e+01 -1.348446206902570337e-16 -3.106754033560091311e-16
3.300000000000000000e+01 8.929806825784435569e-17 1.409442274324404056e-16
3.400000000000000000e+01 2.323092401799685930e-17 2.271165018189113185e-16
3.500000000000000000e+01 4.401016024165148501e-16 -3.126880924024137221e-16
3.600000000000000000e+01 3.373260859552091537e-16 8.506032012681275526e-17
3.700000000000000000e+01 -1.733277259915759107e-16 -4.608815288115223032e-16
3.800000000000000000e+01 1.583379672687117475e-16 7.867532084677852306e-18
3.900000000000000000e+01 4.924967608522224299e-17 7.124357182246004961e-17
4.000000000000000000e+01 -4.788449698920732395e-17 -9.607029540390984628e-17
4.100000000000000000e+01 -5.510345083493994512e-16 3.237219180882669506e-17
4.200000000000000000e+01 1.860162317643563430e-16 -2.450550761358834616e-16
4.300000000000000000e+01 9.437664001472161695e-17 1.725077136406309034e-16
4.400000000000000000e+01 -1.573125234219527847e-16 4.280160894535761326e-16
4.500000000000000000e+01 7.189342116177495105e-17 -1.091862937954282755e-16
4.600000000000000000e+01 -3.642106502923200378e-16 -1.750467604176841948e-16
4.700000000000000000e+01 4.213190938120002037e-16 -2.692650762709160397e-16
4.800000000000000000e+01 -1.705450977692126388e-16 -6.148456599812697446e-17
4.900000000000000000e+01 -2.145213240652051680e-16 4.077452401436168988e-16
5.000000000000000000e+01 -2.817777897348348778e-16 3.488656701732150479e-16
-5.000000000000000000e+01 -3.674905926668170863e-16 -7.798114245919592653e-17
-4.900000000000000000e+01 1.984949028347737359e-16 -1.391458476935890471e-17
-4.800000000000000000e+01 3.318594177412822675e-16 -5.266538026727808088e-17
-4.700000000000000000e+01 1.155152036849657176e-16 8.769530400333541494e-17
-4.600000000000000000e+01 -2.541690151457034733e-16 -1.956237105182027870e-16
-4.500000000000000000e+01 1.227534496871643512e-17 -1.487957829695119085e-16
-4.400000000000000000e+01 2.111476266347392943e-16 -1.615633241873302365e-16
-4.300000000000000000e+01 9.130927506642826949e-17 4.194328738816858515e-17
-4.200000000000000000e+01 2.828462286350468828e-16 -4.025497529483838041e-16
-4.100000000000000000e+01 -2.649022453101607960e-16 4.214233507715434765e-16
-4.000000000000000000e+01 -4.216450168591950171e-17 -3.291547576112299205e-17
-3.900000000000000000e+01 4.537517089454823112e-16 -1.408645222052497680e-17
-3.800000000000000000e+01 6.622493220682490426e-17 -1.041566501185595567e-16
-3.700000000000000000e+01 -1.286884800470771522e-16 -6.738484120828115848e-16
-3.600000000000000000e+01 2.285912198093321813e-16 4.454739517465249270e-16
-3.500000000000000000e+01 3.895807218566459604e-17 2.398037452460977938e-17
-3.400000000000000000e+01 -4.009016182315510687e-16 7.352391585058347264e-17
-3.300000000000000000e+01 3.983508430153362058e-16 1.377203916729649331e-16
-3.200000000000000000e+01 -1.007359263577564323e-16 -4.041369328807527935e-16
-3.100000000000000000e+01 4.345956561804962955e-17 2.708770301463427876e-16
-3.000000000000000000e+01 -8.876903114324965077e-18 -4.783545759698944618e-16
-2.900000000000000000e+01 1.237260341778783178e-16 1.776913770273414976e-16
-2.800000000000000000e+01 2.085150361981760939e-16 -6.786278927810033279e-16
-2.700000000000000000e+01 8.369606968925068142e-17 -8.697919053907562344e-18
-2.600000000000000000e+01 -6.510667469900686167e-17 4.518852971803335352e-16
-2.500000000000000000e+01 1.013142642906402507e-17 1.255774275978363351e-16
-2.400000000000000000e+01 4.881164882106817060e-16 1.418011992860132977e-16
-2.300000000000000000e+01 -2.701514573242340453e-16 2.259607789513845883e-16
-2.200000000000000000e+01 3.255935956190728934e-17 -2.740650199378085172e-16
-2.100000000000000000e+01 -4.061577604236054240e-16 -6.095649436931436994e-17
-2.000000000000000000e+01 -3.966878517683061905e-17 -1.079860494260876694e-16
-1.900000000000000000e+01 -1.153758149692380263e-16 1.991498217453014304e-16
-1.800000000000000000e+01 -9.116324415131238598e-18 -2.144914904437323003e-16
-1.700000000000000000e+01 4.817365293957490615e-16 1.319901027576118542e-16
-1.600000000000000000e+01 -3.061656934611727688e-16 1.134812937235220823e-17
-1.500000000000000000e+01 2.828162643237984511e-16 -2.108120081188810784e-16
-1.400000000000000000e+01 -4.472829464131575419e-16 -2.142230391575169680e-16
-1.300000000000000000e+01 -3.147778937466248032e-16 1.083108328498827272e-16
-1.200000000000000000e+01 3.319741544572903112e-16 -6.573767850615414125e-17
-1.100000000000000000e+01 9.330366039146628480e-17 -1.264222270442035493e-16
-1.000000000000000000e+01 6.840232426632802572e-17 6.371504313548730972e-17
-9.000000000000000000e+00 1.936139073426804437e-16 3.336163810841055063e-16
-8.000000000000000000e+00 7.334576884339959909e-17 1.059050642183031681e-17
-7.000000000000000000e+00 3.215496930744999596e-16 5.608259608137245402e-16
-6.000000000000000000e+00 4.909157244557749967e-16 -3.680388274627880752e-16
-5.000000000000000000e+00 5.221002844736252680e-17 -3.167311694214495676e-16
-4.000000000000000000e+00 6.762868189243751603e-17 -1.518325373187469360e-16
-3.000000000000000000e+00 -3.684860351005093322e-16 1.425375663677247098e-16
-2.000000000000000000e+00 1.277379413526710425e-16 -2.364266400603194519e-16
-1.000000000000000000e+00 3.501687487234397996e-16 2.970380836106783296e-16
