0.000000000000000000e+00 -3.524752475247525041e+01 -1.037512048983316355e-04
1.000000000000000000e+00 -2.398500714866389286e-02 4.367107568366893067e-02
2.000000000000000000e+00 4.082021843221337459e-02 7.148903802234717053e-02
3.000000000000000000e+00 8.410854664284082849e-02 2.590713425537392346e-03
4.000000000000000000e+00 3.302487631377065691e-02 -5.037239724282007586e-02
5.000000000000000000e+00 -1.138629625960001397e-02 -2.410853808947392360e-02
6.000000000000000000e+00 -2.910291785728749063e-04 -1.847180821431228861e-05
7.000000000000000000e+00 6.345326906722958960e-03 -8.192861304694210034e-03
8.000000000000000000e+00 -2.698501080905530390e-03 -7.092458022279067749e-03
9.000000000000000000e+00 -1.200370417036158104e-05 1.143985842769198739e-05
1.000000000000000000e+01 3.062655111834783252e-03 -3.363857693411944662e-03
1.100000000000000000e+01 -1.030961786102707394e-03 -3.511222637467848948e-03
1.200000000000000000e+01 3.887087872571459403e-05 2.499559791531786031e-05
1.300000000000000000e+01 1.884221083865771909e-03 -1.760410676816517557e-03
1.400000000000000000e+01 -4.418122648075446302e-04 -2.102603931080738314e-03
1.500000000000000000e+01 4.689916092277137782e-05 3.229409779793466026e-05
1.600000000000000000e+01 1.300781547003896591e-03 -1.028430803655423342e-03
1.700000000000000000e+01 -1.789088859388021397e-04 -1.391384756354257504e-03
1.800000000000000000e+01 4.253606699409044487e-05 3.610124740504278105e-05
1.900000000000000000e+01 9.586755221537352671e-04 -6.340588581729943163e-04
2.000000000000000000e+01 -4.659920422233131907e-05 -9.779335597245120224e-04
2.100000000000000000e+01 3.392076276089094159e-05 3.754651644504469776e-05
2.200000000000000000e+01 7.351872724987388447e-04 -3.984837798529553107e-04
2.300000000000000000e+01 2.432370994772572716e-05 -7.144276659241089421e-04
2.400000000000000000e+01 2.377782196527375127e-05 3.716405171205201103e-05
2.500000000000000000e+01 5.774963627621592212e-04 -2.475408781494978119e-04
2.600000000000000000e+01 6.317330890327662847e-05 -5.351715379598677089e-04
2.700000000000000000e+01 1.313503225523348149e-05 3.521178426323962892e-05
2.800000000000000000e+01 4.594369524537867083e-04 -1.459007992839584050e-04
2.900000000000000000e+01 8.395264107028301145e-05 -4.071292976757488486e-04
3.000000000000000000e+01 2.401069872461874525e-06 3.179481177053526659e-05
3.100000000000000000e+01 3.666683693820257874e-04 -7.500894313918049353e-05
3.200000000000000000e+01 9.395223047258640704e-05 -3.121287750258808246e-04
3.300000000000000000e+01 -8.263315100281941984e-06 2.691866017430588311e-05
3.400000000000000000e+01 2.906905826495652834e-04 -2.439519493246096682e-05
3.500000000000000000e+01 9.721822797557779069e-05 -2.394648131768065135e-04
3.600000000000000000e+01 -1.880112313511365238e-05 2.051212069877598212e-05
3.700000000000000000e+01 2.261258560444573873e-04 1.217136482445126901e-05
3.800000000000000000e+01 9.610602089109446862e-05 -1.824791938077752066e-04
3.900000000000000000e+01 -2.919755686314452636e-05 1.243428965059139252e-05
4.000000000000000000e+01 1.693651751863461583e-04 3.853946374900034703e-05
4.100000000000000000e+01 9.203444969256690937e-05 -1.368433490577869514e-04
4.200000000000000000e+01 -3.945110928963137335e-05 2.471416865293196478e-06
4.300000000000000000e+01 1.178405734406576938e-04 5.713393718160910176e-05
4.400000000000000000e+01 8.587569997088613093e-05 -9.963721905118178360e-05
4.500000000000000000e+01 -4.955790896743314842e-05 -9.674797531432273670e-06
4.600000000000000000e+01 6.960518679420378422e-05 6.947399254861366918e-05
4.700000000000000000e+01 7.816685154268469664e-05 -6.882755950571624998e-05
4.800000000000000000e+01 -5.950087258641555447e-05 -2.440812320276383507e-05
4.900000000000000000e+01 2.307159067806415572e-05 7.645956317632738501e-05
5.000000000000000000e+01 6.922854645242056712e-05 -4.295860287009204819e-05
-5.000000000000000000e+01 -6.923924773797518657e-05 -4.227058062789567120e-05
-4.900000000000000000e+01 -2.316802832153614525e-05 7.852499819454833560e-05
-4.800000000000000000e+01 5.923228753190203349e-05 -2.096115949219575796e-05
-4.700000000000000000e+01 -7.869535581819647187e-05 -6.399217023865011488e-05
-4.600000000000000000e+01 -7.048345197702256335e-05 7.570754134444837927e-05
-4.500000000000000000e+01 4.823722674235681623e-05 -2.030438121068059285e-06
-4.400000000000000000e+01 -8.773506323710541155e-05 -9.056637551874095336e-05
-4.300000000000000000e+01 -1.203393468123244652e-04 6.765009321666205495e-05
-4.200000000000000000e+01 3.620679381693218257e-05 1.445503079050972556e-05
-4.100000000000000000e+01 -9.613688015540197338e-05 -1.233666200202780910e-04
-4.000000000000000000e+01 -1.744458952320071651e-04 5.353870832639281437e-05
-3.900000000000000000e+01 2.300946037811374016e-05 2.898946598311680835e-05
-3.800000000000000000e+01 -1.035409854275365284e-04 -1.643303342346491742e-04
-3.700000000000000000e+01 -2.349592983182692823e-04 3.195636776635420515e-05
-3.600000000000000000e+01 8.403493827105861162e-06 4.198087148176049587e-05
-3.500000000000000000e+01 -1.093621611384386799e-04 -2.162590572984500329e-04
-3.400000000000000000e+01 -3.047820504344100358e-04 6.070699257389136798e-07
-3.300000000000000000e+01 -7.999226743178863421e-06 5.378387942702229663e-05
-3.200000000000000000e+01 -1.126354905439132237e-04 -2.833263991503331513e-04
-3.100000000000000000e+01 -3.880526370823121477e-04 -4.418649190321255308e-05
-3.000000000000000000e+01 -2.680274751908757913e-05 6.473010780396555499e-05
-2.900000000000000000e+01 -1.117308740681325317e-04 -3.719771901033478378e-04
-2.800000000000000000e+01 -4.910017277065494489e-04 -1.084151089243343938e-04
-2.700000000000000000e+01 -4.895714562951154129e-05 7.516256263520831697e-05
-2.600000000000000000e+01 -1.037967327687040661e-04 -4.926071007834278764e-04
-2.500000000000000000e+01 -6.235537243907539762e-04 -2.021943078805883156e-04
-2.400000000000000000e+01 -7.600995553549260559e-05 8.548461481775121787e-05
-2.300000000000000000e+01 -8.360460234008545077e-05 -6.629135546847208984e-04
-2.200000000000000000e+01 -8.025562383258287493e-04 -3.435234819812950824e-04
-2.100000000000000000e+01 -1.106244382689134737e-04 9.624553066235711244e-05
-2.000000000000000000e+01 -4.094866585206861307e-05 -9.151547008182662124e-04
-1.900000000000000000e+01 -1.058914404129168273e-03 -5.667991395524459800e-04
-1.800000000000000000e+01 -1.577516312157392110e-04 1.083175846163086914e-04
-1.700000000000000000e+01 4.585124998714609459e-05 -1.313641404747663277e-03
-1.600000000000000000e+01 -1.455325802456373203e-03 -9.444682435771243560e-04
-1.500000000000000000e+01 -2.276426571777228442e-04 1.233277854185462342e-04
-1.400000000000000000e+01 2.286591277031545363e-04 -2.003433116488437596e-03
-1.300000000000000000e+01 -2.138151018589099905e-03 -1.651742339862316122e-03
-1.200000000000000000e+01 -3.451492511961871132e-04 1.449393107434116771e-04
-1.100000000000000000e+01 6.558194004492977217e-04 -3.377611223508803894e-03
-1.000000000000000000e+01 -3.531165793683533130e-03 -3.213238871152599048e-03
-9.000000000000000000e+00 -5.880637297739936195e-04 1.839553979123652175e-04
-8.000000000000000000e+00 1.903392311489847215e-03 -6.890416420188726597e-03
-7.000000000000000000e+00 -7.450867750713380255e-03 -7.948269833102806353e-03
-6.000000000000000000e+00 -1.364479575344136955e-03 2.941324173006227768e-04
-5.000000000000000000e+00 8.559363499053364993e-03 -2.366530168073433665e-02
-4.000000000000000000e+00 -3.962136138253962575e-02 -4.954740437397917030e-02
-3.000000000000000000e+00 1.656793074479422923e-01 -2.078603996467556433e-02
-2.000000000000000000e+00 -3.207021613820550121e-02 7.094399922759893340e-02
-1.000000000000000000e+00 2.953705071894825382e-02 4.349832433042660068e-02
