0.000000000000000000e+00 5.123762376237623783e+01 5.187560244869446899e-04
1.000000000000000000e+00 1.772372389077695454e-01 -4.861273400916074072e-01
2.000000000000000000e+00 -2.783383682213617649e-01 -5.711806735548597969e-01
3.000000000000000000e+00 -5.862624712058467358e-01 -1.800605280761333887e-02
4.000000000000000000e+00 -2.257767803756865477e-01 3.267563816463429638e-01
5.000000000000000000e+00 8.427121502428680522e-02 1.517986193480410639e-01
6.000000000000000000e+00 3.701522309661274546e-03 3.732591471303617391e-04
7.000000000000000000e+00 -4.062890422965107634e-02 4.725301353401878401e-02
8.000000000000000000e+00 2.214563826027625415e-02 4.245652374300013659e-02
9.000000000000000000e+00 1.322948302245886745e-03 2.235095055400417312e-04
1.000000000000000000e+01 -1.853788098233095927e-02 1.838477006471522443e-02
1.100000000000000000e+01 9.709312003271498848e-03 2.086522242806626570e-02
1.200000000000000000e+01 7.044732087897342563e-04 1.663110697658962806e-04
1.300000000000000000e+01 -1.086119654804580670e-02 9.358341506389512843e-03
1.400000000000000000e+01 5.080401459052041185e-03 1.263164489460620078e-02
1.500000000000000000e+01 4.670110280235996404e-04 1.421160639184740489e-04
1.600000000000000000e+01 -7.184171958861418697e-03 5.411663533350576961e-03
1.700000000000000000e+01 2.878091759818541141e-03 8.539928124650552482e-03
1.800000000000000000e+01 3.620505065568764059e-04 1.362969619591239271e-04
1.900000000000000000e+01 -5.099540082849315578e-03 3.358419634837874618e-03
2.000000000000000000e+01 1.677307987347285154e-03 6.178874642622048455e-03
2.100000000000000000e+01 3.148021713821572577e-04 1.432572441230043508e-04
2.200000000000000000e+01 -3.783936910448695064e-03 2.168899824226289824e-03
2.300000000000000000e+01 9.636393408853045428e-04 4.677086286140763431e-03
2.400000000000000000e+01 2.961606251220483743e-04 1.604724502337179475e-04
2.500000000000000000e+01 -2.888071193551292482e-03 1.427711329917558461e-03
2.600000000000000000e+01 5.142677718610844887e-04 3.653552225465846962e-03
2.700000000000000000e+01 2.927790459433640322e-04 1.867853283579481126e-04
2.800000000000000000e+01 -2.241399750864328001e-03 9.413943487003779455e-04
2.900000000000000000e+01 2.200998035116565651e-04 2.918927836286711736e-03
3.000000000000000000e+01 2.977466199698936109e-04 2.217785187088888331e-04
3.100000000000000000e+01 -1.751792870875461218e-03 6.102483962535244343e-04
3.200000000000000000e+01 2.276630325235279301e-05 2.369977346342742788e-03
3.300000000000000000e+01 3.070954931452415612e-04 2.655144523137546535e-04
3.400000000000000000e+01 -1.365431791958324941e-03 3.789055439372540895e-04
3.500000000000000000e+01 -1.111394617869466208e-04 1.946300049876946523e-03
3.600000000000000000e+01 3.183037707960521801e-04 3.184289817917080397e-04
3.700000000000000000e+01 -1.048771328478838522e-03 2.148493809335891996e-04
3.800000000000000000e+01 -2.017732799176722195e-04 1.610535956434674693e-03
3.900000000000000000e+01 3.295786715318215995e-04 3.813030488938246899e-04
4.000000000000000000e+01 -7.796494069369291294e-04 9.819822304432030172e-05
4.100000000000000000e+01 -2.618172937611630362e-04 1.338511374819898554e-03
4.200000000000000000e+01 3.394733072321618784e-04 4.552842751023875121e-04
4.300000000000000000e+01 -5.425596711145640617e-04 1.649868808927347348e-05
4.400000000000000000e+01 -2.995209483363939023e-04 1.113989357345344412e-03
4.500000000000000000e+01 3.466520411779930636e-04 5.419505802406169746e-04
4.600000000000000000e+01 -3.259573123255066944e-04 -3.806471025867338835e-05
4.700000000000000000e+01 -3.203872633602417030e-04 9.257133187253673793e-04
4.800000000000000000e+01 3.497175743300445544e-04 6.434193697660397279e-04
4.900000000000000000e+01 -1.206062289610863950e-04 -7.020743232251933693e-05
5.000000000000000000e+01 -3.281471539739991739e-04 7.656623942451875643e-04
-5.000000000000000000e+01 3.470511503590336224e-04 7.625154777727867874e-04
-4.900000000000000000e+01 8.153434612051072027e-05 -8.238143453795956613e-05
-4.800000000000000000e+01 -3.253390369247952628e-04 6.279794703495629807e-04
-4.700000000000000000e+01 3.366298016943505183e-04 9.030228436297566171e-04
-4.600000000000000000e+01 2.881651936337138839e-04 -7.517581843687905739e-05
-4.500000000000000000e+01 -3.136574573180337657e-04 5.082882695829720170e-04
-4.400000000000000000e+01 3.157825626893187706e-04 1.070062800694260340e-03
-4.300000000000000000e+01 5.074305639380339780e-04 -4.739792070465903860e-05
-4.200000000000000000e+01 -2.941571196801781715e-04 4.032429690726181573e-04
-4.100000000000000000e+01 2.808324226860249725e-04 1.270672023028876800e-03
-4.000000000000000000e+01 7.487903742177187075e-04 4.144061230931558392e-06
-3.900000000000000000e+01 -2.673562956055189647e-04 3.102199074037375768e-04
-3.800000000000000000e+01 2.265367425741690664e-04 1.514707150570172118e-03
-3.700000000000000000e+01 1.024172134820721704e-03 8.522211810294683370e-05
-3.600000000000000000e+01 -2.332564858206146580e-04 2.270962510584173099e-04
-3.500000000000000000e+01 1.451699774167725240e-04 1.816304422855415318e-03
-3.400000000000000000e+01 1.349695990950738932e-03 2.053151064422454480e-04
-3.300000000000000000e+01 -1.912718889360959761e-04 1.520791170211783160e-04
-3.200000000000000000e+01 2.495161652400012484e-05 2.196322262089456159e-03
-3.100000000000000000e+01 1.748499776290283070e-03 3.796706142300403401e-04
-3.000000000000000000e+01 -1.400318241578170126e-04 8.355682574575546177e-05
-2.900000000000000000e+01 -1.527793611309092973e-04 2.686610000837393823e-03
-2.800000000000000000e+01 2.255708497072206678e-03 6.331191742798577106e-04
-2.700000000000000000e+01 -7.696360190577820469e-05 1.994309240890410528e-05
-2.600000000000000000e+01 -4.189291021160891984e-04 3.337866477162463284e-03
-2.500000000000000000e+01 2.927793827529993897e-03 1.007427278761499319e-03
-2.400000000000000000e+01 2.560890030104251922e-06 -4.052895115267683192e-05
-2.300000000000000000e+01 -8.275285768368913046e-04 4.235054555548027969e-03
-2.200000000000000000e+01 3.861582314460238786e-03 1.576378127923321699e-03
-2.100000000000000000e+01 1.070477937329662824e-04 -1.001488485760958561e-04
-2.000000000000000000e+01 -1.479686256593204822e-03 5.530125804183134465e-03
-1.900000000000000000e+01 5.236550908541923524e-03 2.479368915198648226e-03
-1.800000000000000000e+01 2.531182181774029949e-04 -1.624182196442335491e-04
-1.700000000000000000e+01 -2.582220915247796476e-03 7.518954121696471912e-03
-1.600000000000000000e+01 7.420725884875879579e-03 4.004963434382504198e-03
-1.500000000000000000e+01 4.766691793444639076e-04 -2.337080894354291749e-04
-1.400000000000000000e+01 -4.613361081965557456e-03 1.084891848640122218e-02
-1.300000000000000000e+01 1.128259915383828492e-02 6.832864743424692591e-03
-1.200000000000000000e+01 8.681438061237209836e-04 -3.281383449145634985e-04
-1.100000000000000000e+01 -8.899994572699529774e-03 1.720303660777064425e-02
-1.000000000000000000e+01 1.936405971638908638e-02 1.291488344134523319e-02
-9.000000000000000000e+00 1.721137720561996326e-03 -4.868948740821817198e-04
-8.000000000000000000e+00 -2.045936528166879265e-02 3.243718432471223712e-02
-7.000000000000000000e+00 4.267298585181294318e-02 3.028426159957165603e-02
-6.000000000000000000e+00 4.628267162580365982e-03 -9.130759633308930916e-04
-5.000000000000000000e+00 -7.839070614808131554e-02 9.693797824756048009e-02
-4.000000000000000000e+00 2.384461413004408947e-01 1.602120422964107560e-01
-3.000000000000000000e+00 -6.646170039937980833e-01 7.814602519405147718e-02
-2.000000000000000000e+00 2.605388000164525764e-01 -1.518494686188682496e-01
-1.000000000000000000e+00 -1.882393060975652566e-01 5.332544006206510478e-02
