0.000000000000000000e+00 -2.548514525433851574e+01 -7.262584342820689902e-04
1.000000000000000000e+00 -4.655436977627926409e-01 9.703242827125561076e-01
2.000000000000000000e+00 5.341441494695179371e-01 1.038674382445485822e+00
3.000000000000000000e+00 1.001833131249440845e+00 3.065146745110850987e-02
4.000000000000000000e+00 3.613072462089451653e-01 -5.425314135566579044e-01
5.000000000000000000e+00 -1.322742168976927812e-01 -2.444255604350307476e-01
6.000000000000000000e+00 -8.447885676175962907e-03 -9.816211126873590227e-04
7.000000000000000000e+00 5.840274157808518496e-02 -7.490151243862197550e-02
8.000000000000000000e+00 -3.341473352748162984e-02 -6.532670760258588172e-02
9.000000000000000000e+00 -3.810300994345836977e-03 -7.852626378122790161e-04
1.000000000000000000e+01 2.526912852634297796e-02 -2.882089848137769916e-02
1.100000000000000000e+01 -1.463341264917282503e-02 -3.143751940212677343e-02
1.200000000000000000e+01 -2.401011060020680470e-03 -7.200971212507709801e-04
1.300000000000000000e+01 1.430718936324109312e-02 -1.477600817414463294e-02
1.400000000000000000e+01 -7.796759536934198820e-03 -1.886361810807223385e-02
1.500000000000000000e+01 -1.750608523561352110e-03 -6.966662305473096239e-04
1.600000000000000000e+01 9.230425911099991026e-03 -8.728856598910558415e-03
1.700000000000000000e+01 -4.568723545235108159e-03 -1.273751478941425631e-02
1.800000000000000000e+01 -1.387902549644613130e-03 -6.952629214274939689e-04
1.900000000000000000e+01 6.425953191056443976e-03 -5.613391266249798811e-03
2.000000000000000000e+01 -2.805410901932076269e-03 -9.257130097599045732e-03
2.100000000000000000e+01 -1.162092951458603730e-03 -7.089201793012804564e-04
2.200000000000000000e+01 4.693976455531518634e-03 -3.819877792578395877e-03
2.300000000000000000e+01 -1.747273849462122530e-03 -7.071996097722404485e-03
2.400000000000000000e+01 -1.010748062629947784e-03 -7.346998568488506687e-04
2.500000000000000000e+01 3.536936700179582355e-03 -2.706990209292456026e-03
2.600000000000000000e+01 -1.069287467442644199e-03 -5.599661537108393920e-03
2.700000000000000000e+01 -9.034861157087252645e-04 -7.713682627774410064e-04
2.800000000000000000e+01 2.716337814000300416e-03 -1.978866994880224776e-03
2.900000000000000000e+01 -6.135398503971631378e-04 -4.553888887451656292e-03
3.000000000000000000e+01 -8.237121665219557199e-04 -8.185875114846582990e-04
3.100000000000000000e+01 2.105353331899852999e-03 -1.484154269534494232e-03
3.200000000000000000e+01 -2.959101194049214745e-04 -3.780062741699660722e-03
3.300000000000000000e+01 -7.614906738513779923e-04 -8.765962443380528228e-04
3.400000000000000000e+01 1.630935971038612823e-03 -1.139284056903766594e-03
3.500000000000000000e+01 -6.832392592107394702e-05 -3.188437456208132164e-03
3.600000000000000000e+01 -7.103685784572761784e-04 -9.460866939287677002e-04
3.700000000000000000e+01 1.248163583265278574e-03 -8.954003336585046602e-04
3.800000000000000000e+01 9.826688574117709680e-05 -2.723883084317239248e-03
3.900000000000000000e+01 -6.658018319712436786e-04 -1.028178601677132197e-03
4.000000000000000000e+01 9.277599684625419379e-04 -7.227317806082118618e-04
4.100000000000000000e+01 2.222325323442069607e-04 -2.350943842132827751e-03
4.200000000000000000e+01 -6.242979906895775770e-04 -1.124454478573193653e-03
4.300000000000000000e+01 6.495414212345223138e-04 -6.026695553381664159e-04
4.400000000000000000e+01 3.156446065846978512e-04 -2.045934795800481189e-03
4.500000000000000000e+01 -5.828978075197149139e-04 -1.237046893307950290e-03
4.600000000000000000e+01 3.987306074844657522e-04 -5.235366239221320682e-04
4.700000000000000000e+01 3.867034708218668594e-04 -1.792519389948746050e-03
4.800000000000000000e+01 -5.388170243602254540e-04 -1.368782899693495730e-03
4.900000000000000000e+01 1.637311268344778924e-04 -4.782584577382364348e-04
5.000000000000000000e+01 4.411470939191777969e-04 -1.579115198485730748e-03
-5.000000000000000000e+01 -4.891512536772600313e-04 -1.523402756116621877e-03
-4.900000000000000000e+01 -6.533862579166725519e-05 -4.630895816597706120e-04
-4.800000000000000000e+01 4.831011085860035734e-04 -1.397309352981553282e-03
-4.700000000000000000e+01 -4.305787830103977140e-04 -1.705884787863746425e-03
-4.600000000000000000e+01 -2.977370016505705348e-04 -4.769875219857086773e-04
-4.500000000000000000e+01 5.156085888983272117e-04 -1.240855632378946210e-03
-4.400000000000000000e+01 -3.590019272128887307e-04 -1.922930516994231275e-03
-4.300000000000000000e+01 -5.430607229979115885e-04 -5.214504430109674453e-04
-4.200000000000000000e+01 5.409684225429392925e-04 -1.105018585488616503e-03
-4.100000000000000000e+01 -2.690531397873079772e-04 -2.183701556308828128e-03
-4.000000000000000000e+01 -8.122756534443927772e-04 -6.007736487351694006e-04
-3.900000000000000000e+01 5.609535856474808088e-04 -9.861303662504733013e-04
-3.800000000000000000e+01 -1.533525103310072620e-04 -2.500966192870580484e-03
-3.700000000000000000e+01 -1.119039783035675421e-03 -7.227993995018515113e-04
-3.600000000000000000e+01 5.769478926570222651e-04 -8.812798314844338260e-04
-3.500000000000000000e+01 -1.320379266983941906e-06 -2.892937257350548363e-03
-3.400000000000000000e+01 -1.481648074438867519e-03 -9.003876320287324073e-04
-3.300000000000000000e+01 5.900178852954621276e-04 -7.880827151062211539e-04
-3.200000000000000000e+01 2.028210551453255093e-04 -3.386324160128583588e-03
-3.100000000000000000e+01 -1.926178903017808927e-03 -1.154098517261322419e-03
-3.000000000000000000e+01 6.009157577341888053e-04 -7.044965876971985086e-04
-2.900000000000000000e+01 4.835836484539577881e-04 -4.021618054473361827e-03
-2.800000000000000000e+01 -2.491976248029002632e-03 -1.517108274640396231e-03
-2.700000000000000000e+01 6.099774443170403451e-04 -6.286487051292772221e-04
-2.600000000000000000e+01 8.808234573018669262e-04 -4.862713256341561104e-03
-2.500000000000000000e+01 -3.241878679638308860e-03 -2.044558559842957288e-03
-2.400000000000000000e+01 6.168106067586152192e-04 -5.586371609550175006e-04
-2.300000000000000000e+01 1.462924564153940139e-03 -6.015516948627647187e-03
-2.200000000000000000e+01 -4.282772131054038943e-03 -2.832398090810298811e-03
-2.100000000000000000e+01 6.194831469925821598e-04 -4.922346991733048951e-04
-2.000000000000000000e+01 2.355277287310294284e-03 -7.666752682022247474e-03
-1.900000000000000000e+01 -5.810717151174826095e-03 -4.058418052450355092e-03
-1.800000000000000000e+01 6.123614868101951965e-04 -4.263300699382426896e-04
-1.700000000000000000e+01 3.808425660896624584e-03 -1.017303140925733193e-02
-1.600000000000000000e+01 -8.221993312239895754e-03 -6.081273344035270645e-03
-1.500000000000000000e+01 5.797571555827482626e-04 -3.556325304883471380e-04
-1.400000000000000000e+01 6.385298690993544690e-03 -1.429334476023867533e-02
-1.300000000000000000e+01 -1.243257776635867118e-02 -9.715393127912143670e-03
-1.200000000000000000e+01 4.738939122605410046e-04 -2.689399580159531830e-04
-1.100000000000000000e+01 1.158983965440101190e-02 -2.191867022483560620e-02
-1.000000000000000000e+01 -2.104031186928861930e-02 -1.716968873060826031e-02
-9.000000000000000000e+00 1.144608669309233690e-04 -1.346093811190486990e-04
-8.000000000000000000e+00 2.480618747775288624e-02 -3.916210775351870038e-02
-7.000000000000000000e+00 -4.472901533544153263e-02 -3.663541678622894010e-02
-6.000000000000000000e+00 -1.600509493966237014e-03 1.994055101646376323e-04
-5.000000000000000000e+00 8.434587806794241471e-02 -1.020642668501031552e-01
-4.000000000000000000e+00 -2.220256120704544034e-01 -1.475511465814448586e-01
-3.000000000000000000e+00 5.014285274422138894e-01 -5.775025929031587374e-02
-2.000000000000000000e+00 -1.678116124401098919e-01 -2.970068823375233980e-02
-1.000000000000000000e+00 1.494407700063699182e-03 -3.630129934237678602e-01
