0.000000000000000000e+00 3.000000000000000000e+00 5.276307443763119948e-17
1.000000000000000000e+00 7.169842126659032394e-17 -6.381760090723378125e-17
2.000000000000000000e+00 2.018285841291627354e-17 6.394346665258510675e-17
3.000000000000000000e+00 -5.010161886425301879e-17 1.669140629104946425e-17
4.000000000000000000e+00 6.723544758084991315e-18 -3.367644161708016976e-17
5.000000000000000000e+00 3.354622738683226936e-17 8.420894361873343151e-17
6.000000000000000000e+00 -7.382586634837881971e-17 -6.442211686334546475e-18
7.000000000000000000e+00 3.272304378400140158e-17 -6.449781759292447319e-17
8.000000000000000000e+00 8.689374643144933214e-17 -6.287187517746267351e-17
9.000000000000000000e+00 1.585110736571775377e-16 -3.241955778510157071e-17
1.000000000000000000e+01 4.308381303602636243e-17 -4.155019589462112670e-17
1.100000000000000000e+01 8.327369012834436243e-18 1.161288104157188895e-17
1.200000000000000000e+01 2.245854688590278376e-17 5.336438402736853938e-18
1.300000000000000000e+01 -7.943940184146468405e-17 -1.872923856732082358e-17
1.400000000000000000e+01 -1.178043548366064859e-16 3.145087769065645855e-17
1.500000000000000000e+01 -3.572024420721776892e-17 -1.684695467763191085e-16
1.600000000000000000e+01 -2.707208195930501172e-16 1.189714072690964936e-17
1.700000000000000000e+01 3.171187483009508567e-17 -2.646673631305012148e-17
1.800000000000000000e+01 1.208638140794363905e-17 4.473346625161233305e-17
1.900000000000000000e+01 5.331376021287014481e-17 8.899979858191078966e-19
2.000000000000000000e+01 -1.877448662907318036e-16 1.307679525605708898e-17
2.100000000000000000e+01 3.642013643598922610e-17 4.515209758089785450e-17
2.200000000000000000e+01 -4.590958576889767444e-17 -2.682817647112778042e-17
2.300000000000000000e+01 1.227768232914766205e-16 3.220381820362064674e-18
2.400000000000000000e+01 -5.180610691987385570e-17 1.368832149201756143e-16
2.500000000000000000e+01 7.076274635484475533e-17 1.076384549838419081e-17
2.600000000000000000e+01 -1.300763143739087487e-17 -7.659966803220237243e-17
2.700000000000000000e+01 -1.291153979364900939e-17 -5.756057392257118723e-17
2.800000000000000000e+01 2.330779843655993858e-17 -1.206973425904655374e-16
2.900000000000000000e+01 8.350203137205486924e-17 -9.336644122284771717e-17
3.000000000000000000e+01 1.352038744869862016e-16 -4.062079959596281043e-17
3.100000000000000000e+01 1.118372320008992564e-16 -5.584151497977318441e-17
3.200000000000000000e+01 -1.095041436687068955e-16 -5.816661995374574105e-17
3.300000000000000000e+01 1.871688397547258368e-17 -5.424313798084017159e-17
3.400000000000000000e+01 9.713440210974007875e-17 -4.568735752576669085e-17
3.500000000000000000e+01 -4.652211695153461014e-17 8.686574175111290475e-17
3.600000000000000000e+01 3.199269191801726843e-17 -3.732404056654335612e-17
3.700000000000000000e+01 -6.859733994762347530e-17 -4.838654979063063430e-17
3.800000000000000000e+01 8.162571858520832641e-17 -2.707944562141985533e-17
3.900000000000000000e+01 -3.041054376588946275e-17 -1.886810770218403077e-17
4.000000000000000000e+01 -3.372878375193087132e-17 8.050311894358482148e-17
4.100000000000000000e+01 2.072510007715813830e-16 9.504353420042058697e-17
4.200000000000000000e+01 -3.695465509315556269e-17 -9.692439178277972284e-17
4.300000000000000000e+01 -4.705480334184420530e-17 -1.124003594801740633e-17
4.400000000000000000e+01 3.536322667043978350e-17 1.041026278919343618e-16
4.500000000000000000e+01 -7.886644918559342279e-17 -4.883078611653043865e-17
4.600000000000000000e+01 -1.788222512804107395e-17 5.727987754550045007e-17
4.700000000000000000e+01 1.936436659913799284e-17 4.415661021471319598e-17
4.800000000000000000e+01 7.254901264880778964e-18 2.075306424872383748e-17
4.900000000000000000e+01 -6.993863614197359228e-17 8.048328241250337327e-17
5.000000000000000000e+01 -2.817318865303619671e-17 2.548123767336158461e-17
-5.000000000000000000e+01 -1.032473212218275984e-16 1.712612691949189207e-17
-4.900000000000000000e+01 4.126881266066092302e-17 3.294936051535799374e-17
-4.800000000000000000e+01 2.925661785739707420e-17 3.745957031377369426e-18
-4.700000000000000000e+01 3.985840708291544579e-17 4.097038780629781023e-17
-4.600000000000000000e+01 -5.797134808821160845e-18 -7.656981845689110127e-17
-4.500000000000000000e+01 1.243362231944816959e-17 2.252904599133827332e-17
-4.400000000000000000e+01 1.083580286841726052e-17 1.057024924891782747e-16
-4.300000000000000000e+01 -8.487780684366166104e-17 9.630662909407575670e-17
-4.200000000000000000e+01 5.223952923553137425e-17 -7.832932017313161786e-17
-4.100000000000000000e+01 -8.312164850125968931e-17 -1.918021069151177392e-16
-4.000000000000000000e+01 1.672582424661949665e-19 -4.913063004284449209e-18
-3.900000000000000000e+01 -7.900135216416381064e-18 5.294992769821380420e-17
-3.800000000000000000e+01 3.081652336164183313e-17 6.415184132570247254e-18
-3.700000000000000000e+01 -7.056131750280912500e-17 -1.662918308077169016e-16
-3.600000000000000000e+01 2.147686196904879294e-17 6.347296716223041335e-17
-3.500000000000000000e+01 -1.164141943643095594e-17 -9.425761424920308817e-17
-3.400000000000000000e+01 -1.482994191875254505e-16 1.899956360297308957e-17
-3.300000000000000000e+01 -5.558910233991280246e-18 6.813973870099557877e-18
-3.200000000000000000e+01 7.189675956771172936e-17 -3.829992734105439021e-17
-3.100000000000000000e+01 6.784802349903954634e-18 -4.323349288247764002e-17
-3.000000000000000000e+01 -2.236996752400932992e-17 1.415638695724544437e-17
-2.900000000000000000e+01 1.240747391833478180e-16 1.367843455959573290e-16
-2.800000000000000000e+01 3.232589472200327156e-17 -1.288267666874908249e-16
-2.700000000000000000e+01 -1.807723034412225854e-17 1.261965548433453371e-17
-2.600000000000000000e+01 -3.780535642265880840e-17 1.359349543087923019e-16
-2.500000000000000000e+01 -3.003124460544162143e-18 1.525263510059476444e-17
-2.400000000000000000e+01 1.236101037720434923e-16 1.409875057061002552e-16
-2.300000000000000000e+01 -8.794124010210319818e-18 2.610518940307698090e-17
-2.200000000000000000e+01 -9.333504464114444656e-17 -1.240251359820490746e-16
-2.100000000000000000e+01 -1.737557067324237414e-16 -1.257102575387644835e-17
-2.000000000000000000e+01 2.787933850019844753e-17 4.281343491753461684e-17
-1.900000000000000000e+01 9.203573842139954939e-17 6.399865485440502123e-17
-1.800000000000000000e+01 -3.473799967172265365e-17 -4.539313462400714868e-17
-1.700000000000000000e+01 3.327764244442952638e-17 6.397778425223755058e-17
-1.600000000000000000e+01 -6.754560187129687606e-17 2.949822369237385675e-17
-1.500000000000000000e+01 1.238372489140685757e-17 6.787766604967357451e-17
-1.400000000000000000e+01 -1.544206184679502180e-16 -1.656347527987862681e-16
-1.300000000000000000e+01 -6.384949283509514301e-17 -3.330616956577325732e-17
-1.200000000000000000e+01 -6.115885576376169404e-17 1.052304733818150232e-16
-1.100000000000000000e+01 -1.572179072520514349e-17 6.673188202366661405e-17
-1.000000000000000000e+01 8.488755870243122457e-17 9.942038592093284948e-17
-9.000000000000000000e+00 1.544579699140401641e-16 8.641132179270890634e-17
-8.000000000000000000e+00 -8.910386186659595973e-17 -8.902577197090082046e-17
-7.000000000000000000e+00 1.894174048746532594e-16 4.405783082956981094e-17
-6.000000000000000000e+00 -7.355845904256917658e-18 4.040655561433042581e-17
-5.000000000000000000e+00 -6.994041106640087869e-17 -2.098476938372229055e-18
-4.000000000000000000e+00 5.203659413753460699e-17 -6.079659671854152457e-17
-3.000000000000000000e+00 5.290322457947774663e-20 -1.374028212376146647e-17
-2.000000000000000000e+00 2.161635680385947778e-16 -1.228588004220594999e-16
-1.000000000000000000e+00 3.982190195967956858e-18 4.275145266645501607e-18
