0.000000000000000000e+00 -2.247524752475247301e+00 -5.166384372018055463e-17
1.000000000000000000e+00 2.498379731704390705e-01 7.773686825349853703e-03
2.000000000000000000e+00 -2.520351411936017517e-03 -1.569930212302288847e-04
3.000000000000000000e+00 -1.251408988385048797e-03 -1.171148990341212685e-04
4.000000000000000000e+00 -8.307176715411146222e-04 -1.038941417887486482e-04
5.000000000000000000e+00 -6.204938935255270701e-04 -9.728759341225515797e-05
6.000000000000000000e+00 -4.942031862918365827e-04 -9.331874804785289881e-05
7.000000000000000000e+00 -4.098080094487195884e-04 -9.066652276758466211e-05
8.000000000000000000e+00 -3.493264549721540905e-04 -8.876581334594898967e-05
9.000000000000000000e+00 -3.037786575552473846e-04 -8.733441614659641806e-05
1.000000000000000000e+01 -2.681800941786010315e-04 -8.621568622321335821e-05
1.100000000000000000e+01 -2.395419105739478836e-04 -8.531569504620816131e-05
1.200000000000000000e+01 -2.159629708106507173e-04 -8.457469701221174887e-05
1.300000000000000000e+01 -1.961762603648422622e-04 -8.395287458559354743e-05
1.400000000000000000e+01 -1.793048024363575713e-04 -8.342266766022379462e-05
1.500000000000000000e+01 -1.647222559982666518e-04 -8.296439267615861183e-05
1.600000000000000000e+01 -1.519693114937361949e-04 -8.256361524954005109e-05
1.700000000000000000e+01 -1.407014574276067181e-04 -8.220950866981812494e-05
1.800000000000000000e+01 -1.306551927976692430e-04 -8.189379208484473224e-05
1.900000000000000000e+01 -1.216255079842990498e-04 -8.161002280759734951e-05
2.000000000000000000e+01 -1.134504803433557008e-04 -8.135311221406081616e-05
2.100000000000000000e+01 -1.060004930969245810e-04 -8.111898693277667840e-05
2.200000000000000000e+01 -9.917053565648414881e-05 -8.090434687317341034e-05
2.300000000000000000e+01 -9.287460445755985712e-05 -8.070648926438352014e-05
2.400000000000000000e+01 -8.704156470924663146e-05 -8.052317860551061804e-05
2.500000000000000000e+01 -8.161204675590900362e-05 -8.035254912965626251e-05
2.600000000000000000e+01 -7.653608720921192539e-05 -8.019303067450739091e-05
2.700000000000000000e+01 -7.177131422733261813e-05 -8.004329165117543847e-05
2.800000000000000000e+01 -6.728153577756831589e-05 -7.990219467915816510e-05
2.900000000000000000e+01 -6.303563006261584550e-05 -7.976876171659794492e-05
3.000000000000000000e+01 -5.900666510733991444e-05 -7.964214639196325648e-05
3.100000000000000000e+01 -5.517119397405708997e-05 -7.952161185581242122e-05
3.200000000000000000e+01 -5.150868588723650141e-05 -7.940651290217824016e-05
3.300000000000000000e+01 -4.800106347725222587e-05 -7.929628142716280451e-05
3.400000000000000000e+01 -4.463232356771233272e-05 -7.919041451055418258e-05
3.500000000000000000e+01 -4.138822424298281577e-05 -7.908846458217078784e-05
3.600000000000000000e+01 -3.825602486644651547e-05 -7.899003125118076200e-05
3.700000000000000000e+01 -3.522426868024318138e-05 -7.889475447462052234e-05
3.800000000000000000e+01 -3.228259984747511757e-05 -7.880230880736190633e-05
3.900000000000000000e+01 -2.942160850183592655e-05 -7.871239853218636566e-05
4.000000000000000000e+01 -2.663269868206769156e-05 -7.862475351030644881e-05
4.100000000000000000e+01 -2.390797503752320084e-05 -7.853912562009465010e-05
4.200000000000000000e+01 -2.124014498162486017e-05 -7.845528568296452861e-05
4.300000000000000000e+01 -1.862243358831397401e-05 -7.837302078841443666e-05
4.400000000000000000e+01 -1.604850900987107992e-05 -7.829213194978154730e-05
4.500000000000000000e+01 -1.351241658193139437e-05 -7.821243203439427868e-05
4.600000000000000000e+01 -1.100852008248649203e-05 -7.813374391681546997e-05
4.700000000000000000e+01 -8.531448852981360446e-06 -7.805589881739624061e-05
4.800000000000000000e+01 -6.076049681049145748e-06 -7.797873478974804025e-05
4.900000000000000000e+01 -3.637342494901261776e-06 -7.790209532903728069e-05
5.000000000000000000e+01 -1.210479032128528839e-06 -7.782582807218334079e-05
-5.000000000000000000e+01 1.209296259357573362e-06 -7.774978357007540544e-05
-4.900000000000000000e+01 3.626683770105699267e-06 -7.767381410706603506e-05
-4.800000000000000000e+01 6.046365363784476247e-06 -7.759777254951724700e-05
-4.700000000000000000e+01 8.473040703590614022e-06 -7.752151120472277755e-05
-4.600000000000000000e+01 1.091146387460375373e-05 -7.744488066928070455e-05
-4.500000000000000000e+01 1.336648090766394523e-05 -7.736772865087290806e-05
-4.400000000000000000e+01 1.584306884228067563e-05 -7.728989873965471736e-05
-4.300000000000000000e+01 1.834637700498108716e-05 -7.721122911132861292e-05
-4.200000000000000000e+01 2.088177124784852638e-05 -7.713155113722315712e-05
-4.100000000000000000e+01 2.345488198139905698e-05 -7.705068787476526183e-05
-4.000000000000000000e+01 2.607165694654188601e-05 -7.696845240859645119e-05
-3.900000000000000000e+01 2.873841982772522201e-05 -7.688464600895478988e-05
-3.800000000000000000e+01 3.146193599062269771e-05 -7.679905606539052436e-05
-3.700000000000000000e+01 3.424948687299323282e-05 -7.671145374961107718e-05
-3.600000000000000000e+01 3.710895485759854566e-05 -7.662159134809075833e-05
-3.500000000000000000e+01 4.004892084006635546e-05 -7.652919919492914532e-05
-3.400000000000000000e+01 4.307877718273368594e-05 -7.643398212349004244e-05
-3.300000000000000000e+01 4.620885936869937292e-05 -7.633561532800345534e-05
-3.200000000000000000e+01 4.945060044726326982e-05 -7.623373951034880425e-05
-3.100000000000000000e+01 5.281671337398820840e-05 -7.612795515000822424e-05
-3.000000000000000000e+01 5.632140764832846902e-05 -7.601781569536790017e-05
-2.900000000000000000e+01 5.998064835068058241e-05 -7.590281942350511634e-05
-2.800000000000000000e+01 6.381246789729583735e-05 -7.578239964282588580e-05
-2.700000000000000000e+01 6.783734377172673713e-05 -7.565591282299646424e-05
-2.600000000000000000e+01 7.207865941059592055e-05 -7.552262410947132405e-05
-2.500000000000000000e+01 7.656327069222139674e-05 -7.538168952217433143e-05
-2.400000000000000000e+01 8.132220765193998667e-05 -7.523213390315429882e-05
-2.300000000000000000e+01 8.639155091300234441e-05 -7.507282337314158806e-05
-2.200000000000000000e+01 9.181353603681153305e-05 -7.490243062604859555e-05
-2.100000000000000000e+01 9.763795833999690515e-05 -7.471939078132444178e-05
-2.000000000000000000e+01 1.039239783325325139e-04 -7.452184464465452525e-05
-1.900000000000000000e+01 1.107424679745418129e-04 -7.430756497517690407e-05
-1.800000000000000000e+01 1.181790969399125940e-04 -7.407385949483738324e-05
-1.700000000000000000e+01 1.263384465517847623e-04 -7.381744160320781966e-05
-1.600000000000000000e+01 1.353495743419560419e-04 -7.353425550385665613e-05
-1.500000000000000000e+01 1.453736635213389932e-04 -7.321923581048674274e-05
-1.400000000000000000e+01 1.566147297149227255e-04 -7.286597107360836656e-05
-1.300000000000000000e+01 1.693349125336863798e-04 -7.246622322435125564e-05
-1.200000000000000000e+01 1.838768188827663639e-04 -7.200922540662582692e-05
-1.100000000000000000e+01 2.006970281262225760e-04 -7.148062903606275365e-05
-1.000000000000000000e+01 2.204178556901225869e-04 -7.086087706242563862e-05
-9.000000000000000000e+00 2.439101432769681579e-04 -7.012260218282764075e-05
-8.000000000000000000e+00 2.724311807478006862e-04 -6.922629247120763002e-05
-7.000000000000000000e+00 3.078659396885244696e-04 -6.811271030976931017e-05
-6.000000000000000000e+00 3.531747830042333272e-04 -6.668882254549847888e-05
-5.000000000000000000e+00 4.132881384542494126e-04 -6.479968424428723462e-05
-4.000000000000000000e+00 4.970726366865349695e-04 -6.216665031259006088e-05
-3.000000000000000000e+00 6.222391007120997011e-04 -5.823313571449373680e-05
-2.000000000000000000e+00 8.300339018395011753e-04 -5.170292101170630709e-05
-1.000000000000000000e+00 1.243785107607001074e-03 -3.870026554362002337e-05
