0.000000000000000000e+00 6.000000000000000000e+00 1.055261488752623990e-16
1.000000000000000000e+00 1.433968425331806479e-16 -1.276352018144675625e-16
2.000000000000000000e+00 4.036571682583254707e-17 1.278869333051702135e-16
3.000000000000000000e+00 -1.002032377285060376e-16 3.338281258209892850e-17
4.000000000000000000e+00 1.344708951616998263e-17 -6.735288323416033953e-17
5.000000000000000000e+00 6.709245477366453872e-17 1.684178872374668630e-16
6.000000000000000000e+00 -1.476517326967576394e-16 -1.288442337266909295e-17
7.000000000000000000e+00 6.544608756800280316e-17 -1.289956351858489464e-16
8.000000000000000000e+00 1.737874928628986643e-16 -1.257437503549253470e-16
9.000000000000000000e+00 3.170221473143550755e-16 -6.483911557020314141e-17
1.000000000000000000e+01 8.616762607205272486e-17 -8.310039178924225340e-17
1.100000000000000000e+01 1.665473802566887249e-17 2.322576208314377790e-17
1.200000000000000000e+01 4.491709377180556753e-17 1.067287680547370788e-17
1.300000000000000000e+01 -1.588788036829293681e-16 -3.745847713464164716e-17
1.400000000000000000e+01 -2.356087096732129719e-16 6.290175538131291709e-17
1.500000000000000000e+01 -7.144048841443553785e-17 -3.369390935526382170e-16
1.600000000000000000e+01 -5.414416391861002344e-16 2.379428145381929873e-17
1.700000000000000000e+01 6.342374966019017135e-17 -5.293347262610024297e-17
1.800000000000000000e+01 2.417276281588727811e-17 8.946693250322466610e-17
1.900000000000000000e+01 1.066275204257402896e-16 1.779995971638215793e-18
2.000000000000000000e+01 -3.754897325814636072e-16 2.615359051211417797e-17
2.100000000000000000e+01 7.284027287197845220e-17 9.030419516179570900e-17
2.200000000000000000e+01 -9.181917153779534888e-17 -5.365635294225556084e-17
2.300000000000000000e+01 2.455536465829532410e-16 6.440763640724129348e-18
2.400000000000000000e+01 -1.036122138397477114e-16 2.737664298403512285e-16
2.500000000000000000e+01 1.415254927096895107e-16 2.152769099676838163e-17
2.600000000000000000e+01 -2.601526287478174975e-17 -1.531993360644047449e-16
2.700000000000000000e+01 -2.582307958729801877e-17 -1.151211478451423745e-16
2.800000000000000000e+01 4.661559687311987717e-17 -2.413946851809310748e-16
2.900000000000000000e+01 1.670040627441097385e-16 -1.867328824456954343e-16
3.000000000000000000e+01 2.704077489739724032e-16 -8.124159919192562086e-17
3.100000000000000000e+01 2.236744640017985129e-16 -1.116830299595463688e-16
3.200000000000000000e+01 -2.190082873374137910e-16 -1.163332399074914821e-16
3.300000000000000000e+01 3.743376795094516737e-17 -1.084862759616803432e-16
3.400000000000000000e+01 1.942688042194801575e-16 -9.137471505153338169e-17
3.500000000000000000e+01 -9.304423390306922028e-17 1.737314835022258095e-16
3.600000000000000000e+01 6.398538383603453686e-17 -7.464808113308671224e-17
3.700000000000000000e+01 -1.371946798952469506e-16 -9.677309958126126860e-17
3.800000000000000000e+01 1.632514371704166528e-16 -5.415889124283971066e-17
3.900000000000000000e+01 -6.082108753177892549e-17 -3.773621540436806154e-17
4.000000000000000000e+01 -6.745756750386174263e-17 1.610062378871696430e-16
4.100000000000000000e+01 4.145020015431627660e-16 1.900870684008411739e-16
4.200000000000000000e+01 -7.390931018631112538e-17 -1.938487835655594457e-16
4.300000000000000000e+01 -9.410960668368841061e-17 -2.248007189603481266e-17
4.400000000000000000e+01 7.072645334087956700e-17 2.082052557838687236e-16
4.500000000000000000e+01 -1.577328983711868456e-16 -9.766157223306087730e-17
4.600000000000000000e+01 -3.576445025608214789e-17 1.145597550910009001e-16
4.700000000000000000e+01 3.872873319827598568e-17 8.831322042942639197e-17
4.800000000000000000e+01 1.450980252976155793e-17 4.150612849744767496e-17
4.900000000000000000e+01 -1.398772722839471846e-16 1.609665648250067465e-16
5.000000000000000000e+01 -5.634637730607239341e-17 5.096247534672316923e-17
-5.000000000000000000e+01 -2.064946424436551967e-16 3.425225383898378414e-17
-4.900000000000000000e+01 8.253762532132184604e-17 6.589872103071598748e-17
-4.800000000000000000e+01 5.851323571479414841e-17 7.491914062754738853e-18
-4.700000000000000000e+01 7.971681416583089158e-17 8.194077561259562045e-17
-4.600000000000000000e+01 -1.159426961764232169e-17 -1.531396369137822025e-16
-4.500000000000000000e+01 2.486724463889633918e-17 4.505809198267654663e-17
-4.400000000000000000e+01 2.167160573683452105e-17 2.114049849783565494e-16
-4.300000000000000000e+01 -1.697556136873233221e-16 1.926132581881515134e-16
-4.200000000000000000e+01 1.044790584710627485e-16 -1.566586403462632357e-16
-4.100000000000000000e+01 -1.662432970025193786e-16 -3.836042138302354784e-16
-4.000000000000000000e+01 3.345164849323899330e-19 -9.826126008568898417e-18
-3.900000000000000000e+01 -1.580027043283276213e-17 1.058998553964276084e-16
-3.800000000000000000e+01 6.163304672328366626e-17 1.283036826514049451e-17
-3.700000000000000000e+01 -1.411226350056182500e-16 -3.325836616154338033e-16
-3.600000000000000000e+01 4.295372393809758589e-17 1.269459343244608267e-16
-3.500000000000000000e+01 -2.328283887286191188e-17 -1.885152284984061763e-16
-3.400000000000000000e+01 -2.965988383750509010e-16 3.799912720594617915e-17
-3.300000000000000000e+01 -1.111782046798256049e-17 1.362794774019911575e-17
-3.200000000000000000e+01 1.437935191354234587e-16 -7.659985468210878042e-17
-3.100000000000000000e+01 1.356960469980790927e-17 -8.646698576495528004e-17
-3.000000000000000000e+01 -4.473993504801865984e-17 2.831277391449088874e-17
-2.900000000000000000e+01 2.481494783666956361e-16 2.735686911919146580e-16
-2.800000000000000000e+01 6.465178944400654312e-17 -2.576535333749816497e-16
-2.700000000000000000e+01 -3.615446068824451707e-17 2.523931096866906741e-17
-2.600000000000000000e+01 -7.561071284531761681e-17 2.718699086175846037e-16
-2.500000000000000000e+01 -6.006248921088324286e-18 3.050527020118952888e-17
-2.400000000000000000e+01 2.472202075440869846e-16 2.819750114122005105e-16
-2.300000000000000000e+01 -1.758824802042063964e-17 5.221037880615396180e-17
-2.200000000000000000e+01 -1.866700892822888931e-16 -2.480502719640981493e-16
-2.100000000000000000e+01 -3.475114134648474829e-16 -2.514205150775289671e-17
-2.000000000000000000e+01 5.575867700039689507e-17 8.562686983506923368e-17
-1.900000000000000000e+01 1.840714768427990988e-16 1.279973097088100425e-16
-1.800000000000000000e+01 -6.947599934344530731e-17 -9.078626924801429736e-17
-1.700000000000000000e+01 6.655528488885905275e-17 1.279555685044751012e-16
-1.600000000000000000e+01 -1.350912037425937521e-16 5.899644738474771350e-17
-1.500000000000000000e+01 2.476744978281371515e-17 1.357553320993471490e-16
-1.400000000000000000e+01 -3.088412369359004361e-16 -3.312695055975725362e-16
-1.300000000000000000e+01 -1.276989856701902860e-16 -6.661233913154651464e-17
-1.200000000000000000e+01 -1.223177115275233881e-16 2.104609467636300465e-16
-1.100000000000000000e+01 -3.144358145041028698e-17 1.334637640473332281e-16
-1.000000000000000000e+01 1.697751174048624491e-16 1.988407718418656990e-16
-9.000000000000000000e+00 3.089159398280803282e-16 1.728226435854178127e-16
-8.000000000000000000e+00 -1.782077237331919195e-16 -1.780515439418016409e-16
-7.000000000000000000e+00 3.788348097493065188e-16 8.811566165913962187e-17
-6.000000000000000000e+00 -1.471169180851383532e-17 8.081311122866085161e-17
-5.000000000000000000e+00 -1.398808221328017574e-16 -4.196953876744458110e-18
-4.000000000000000000e+00 1.040731882750692140e-16 -1.215931934370830491e-16
-3.000000000000000000e+00 1.058064491589554933e-19 -2.748056424752293294e-17
-2.000000000000000000e+00 4.323271360771895556e-16 -2.457176008441189998e-16
-1.000000000000000000e+00 7.964380391935913715e-18 8.550290533291003215e-18
