0.000000000000000000e+00 -1.124752475247524686e+01 1.037512048968322923e-04
1.000000000000000000e+00 2.953705071894893036e-02 -4.349832433042706559e-02
2.000000000000000000e+00 -3.207021613820373179e-02 -7.094399922759689336e-02
3.000000000000000000e+00 1.656793074479424865e-01 2.078603996467492249e-02
4.000000000000000000e+00 -3.962136138254015311e-02 4.954740437397830988e-02
5.000000000000000000e+00 8.559363499053103050e-03 2.366530168073483972e-02
6.000000000000000000e+00 -1.364479575343521345e-03 -2.941324173026788036e-04
7.000000000000000000e+00 -7.450867750712115642e-03 7.948269833101949400e-03
8.000000000000000000e+00 1.903392311487911263e-03 6.890416420188447306e-03
9.000000000000000000e+00 -5.880637297737636602e-04 -1.839553979118503299e-04
1.000000000000000000e+01 -3.531165793684199698e-03 3.213238871152496266e-03
1.100000000000000000e+01 6.558194004481504190e-04 3.377611223507056160e-03
1.200000000000000000e+01 -3.451492511937332384e-04 -1.449393107453660870e-04
1.300000000000000000e+01 -2.138151018588967632e-03 1.651742339863783264e-03
1.400000000000000000e+01 2.286591277019692594e-04 2.003433116489980632e-03
1.500000000000000000e+01 -2.276426571774751040e-04 -1.233277854184120913e-04
1.600000000000000000e+01 -1.455325802455178412e-03 9.444682435774377988e-04
1.700000000000000000e+01 4.585124998760124266e-05 1.313641404747326090e-03
1.800000000000000000e+01 -1.577516312171989537e-04 -1.083175846163171076e-04
1.900000000000000000e+01 -1.058914404128291154e-03 5.667991395509064129e-04
2.000000000000000000e+01 -4.094866585187580127e-05 9.151547008183001479e-04
2.100000000000000000e+01 -1.106244382709973238e-04 -9.624553066379672964e-05
2.200000000000000000e+01 -8.025562383257278101e-04 3.435234819820732143e-04
2.300000000000000000e+01 -8.360460234047736275e-05 6.629135546832151584e-04
2.400000000000000000e+01 -7.600995553278826655e-05 -8.548461481854966501e-05
2.500000000000000000e+01 -6.235537243916083276e-04 2.021943078805553558e-04
2.600000000000000000e+01 -1.037967327672015245e-04 4.926071007818165351e-04
2.700000000000000000e+01 -4.895714562862027290e-05 -7.516256263571556096e-05
2.800000000000000000e+01 -4.910017277060006258e-04 1.084151089248791376e-04
2.900000000000000000e+01 -1.117308740678024464e-04 3.719771901038881499e-04
3.000000000000000000e+01 -2.680274751946773090e-05 -6.473010780403593326e-05
3.100000000000000000e+01 -3.880526370827148204e-04 4.418649190396872311e-05
3.200000000000000000e+01 -1.126354905422952417e-04 2.833263991510764804e-04
3.300000000000000000e+01 -7.999226742585892924e-06 -5.378387942680420259e-05
3.400000000000000000e+01 -3.047820504364659000e-04 -6.070699265053608654e-07
3.500000000000000000e+01 -1.093621611399971799e-04 2.162590572980241312e-04
3.600000000000000000e+01 8.403493826955221434e-06 -4.198087148256909385e-05
3.700000000000000000e+01 -2.349592983194346099e-04 -3.195636776541447291e-05
3.800000000000000000e+01 -1.035409854266304471e-04 1.643303342341775463e-04
3.900000000000000000e+01 2.300946037757456981e-05 -2.898946598271743571e-05
4.000000000000000000e+01 -1.744458952316926652e-04 -5.353870832650337589e-05
4.100000000000000000e+01 -9.613688015745599439e-05 1.233666200186613830e-04
4.200000000000000000e+01 3.620679381876447069e-05 -1.445503079085177271e-05
4.300000000000000000e+01 -1.203393468120725373e-04 -6.765009321775198984e-05
4.400000000000000000e+01 -8.773506323628124171e-05 9.056637551935415101e-05
4.500000000000000000e+01 4.823722674174025078e-05 2.030438120502349273e-06
4.600000000000000000e+01 -7.048345197823898398e-05 -7.570754134286509173e-05
4.700000000000000000e+01 -7.869535581877387729e-05 6.399217023835317901e-05
4.800000000000000000e+01 5.923228753226543095e-05 2.096115949130133521e-05
4.900000000000000000e+01 -2.316802832140845333e-05 -7.852499819434308258e-05
5.000000000000000000e+01 -6.923924773874600010e-05 4.227058062852570108e-05
-5.000000000000000000e+01 6.922854645271841101e-05 4.295860286938659849e-05
-4.900000000000000000e+01 2.307159067680962877e-05 -7.645956317825074611e-05
-4.800000000000000000e+01 -5.950087258705541671e-05 2.440812320291428845e-05
-4.700000000000000000e+01 7.816685154364038019e-05 6.882755950597026500e-05
-4.600000000000000000e+01 6.960518679317826449e-05 -6.947399254921622809e-05
-4.500000000000000000e+01 -4.955790896806853833e-05 9.674797531965624906e-06
-4.400000000000000000e+01 8.587569997091883318e-05 9.963721905104193507e-05
-4.300000000000000000e+01 1.178405734413811955e-04 -5.713393718233599156e-05
-4.200000000000000000e+01 -3.945110929057494095e-05 -2.471416864217509952e-06
-4.100000000000000000e+01 9.203444969474906953e-05 1.368433490559564929e-04
-4.000000000000000000e+01 1.693651751855766187e-04 -3.853946374953233793e-05
-3.900000000000000000e+01 -2.919755686304112397e-05 -1.243428965197870882e-05
-3.800000000000000000e+01 9.610602089054213538e-05 1.824791938079363190e-04
-3.700000000000000000e+01 2.261258560444972588e-04 -1.217136482291268449e-05
-3.600000000000000000e+01 -1.880112313387920011e-05 -2.051212069862682640e-05
-3.500000000000000000e+01 9.721822797446844858e-05 2.394648131776914123e-04
-3.400000000000000000e+01 2.906905826505668694e-04 2.439519493166068670e-05
-3.300000000000000000e+01 -8.263315099991257217e-06 -2.691866017367805890e-05
-3.200000000000000000e+01 9.395223047237909403e-05 3.121287750271693989e-04
-3.100000000000000000e+01 3.666683693820146743e-04 7.500894313963885356e-05
-3.000000000000000000e+01 2.401069874907935423e-06 -3.179481177158679362e-05
-2.900000000000000000e+01 8.395264106832816783e-05 4.071292976780854127e-04
-2.800000000000000000e+01 4.594369524544057335e-04 1.459007992849952547e-04
-2.700000000000000000e+01 1.313503225617515512e-05 -3.521178426263185906e-05
-2.600000000000000000e+01 6.317330890403750801e-05 5.351715379600173288e-04
-2.500000000000000000e+01 5.774963627625820601e-04 2.475408781496614722e-04
-2.400000000000000000e+01 2.377782196568931241e-05 -3.716405171434817504e-05
-2.300000000000000000e+01 2.432370994772868161e-05 7.144276659237712131e-04
-2.200000000000000000e+01 7.351872724984830814e-04 3.984837798543598947e-04
-2.100000000000000000e+01 3.392076276168527553e-05 -3.754651644578980892e-05
-2.000000000000000000e+01 -4.659920422404486672e-05 9.779335597255424482e-04
-1.900000000000000000e+01 9.586755221539835494e-04 6.340588581719758168e-04
-1.800000000000000000e+01 4.253606699335795788e-05 -3.610124740505213907e-05
-1.700000000000000000e+01 -1.789088859378888349e-04 1.391384756352647030e-03
-1.600000000000000000e+01 1.300781547002334473e-03 1.028430803654856738e-03
-1.500000000000000000e+01 4.689916092168493271e-05 -3.229409779665282158e-05
-1.400000000000000000e+01 -4.418122648079271910e-04 2.102603931081045360e-03
-1.300000000000000000e+01 1.884221083865158467e-03 1.760410676816487850e-03
-1.200000000000000000e+01 3.887087872593020119e-05 -2.499559791508075207e-05
-1.100000000000000000e+01 -1.030961786105060330e-03 3.511222637464628000e-03
-1.000000000000000000e+01 3.062655111835008333e-03 3.363857693411352254e-03
-9.000000000000000000e+00 -1.200370416877250996e-05 -1.143985842825536256e-05
-8.000000000000000000e+00 -2.698501080905244161e-03 7.092458022280871861e-03
-7.000000000000000000e+00 6.345326906724957361e-03 8.192861304694683613e-03
-6.000000000000000000e+00 -2.910291785749346736e-04 1.847180821308412133e-05
-5.000000000000000000e+00 -1.138629625959884824e-02 2.410853808947558893e-02
-4.000000000000000000e+00 3.302487631377157978e-02 5.037239724282006892e-02
-3.000000000000000000e+00 8.410854664284109217e-02 -2.590713425536864557e-03
-2.000000000000000000e+00 4.082021843221251417e-02 -7.148903802234718441e-02
-1.000000000000000000e+00 -2.398500714866417735e-02 -4.367107568366769554e-02
