0.000000000000000000e+00 6.577555582100266029e+00 -3.112536146920028067e-04
1.000000000000000000e+00 1.158222335695774929e-01 1.368559000237744572e-01
2.000000000000000000e+00 -1.085554841459890479e-01 2.000770883300401481e-01
3.000000000000000000e+00 -3.311193946247604769e-01 -4.683039730129276434e-02
4.000000000000000000e+00 1.474924842983271062e-02 -1.616633897201310288e-01
5.000000000000000000e+00 1.735816820782245737e-02 -6.424822535903335075e-02
6.000000000000000000e+00 2.449758227301307347e-03 5.720265165766539586e-04
7.000000000000000000e+00 8.370152142024448252e-03 -2.693830741221324085e-02
8.000000000000000000e+00 4.872201741024733378e-03 -1.798220742907890440e-02
9.000000000000000000e+00 9.755547529304637493e-04 3.251382751983812711e-04
1.000000000000000000e+01 5.294547010101671378e-03 -1.134324589251711410e-02
1.100000000000000000e+01 2.734635181908115758e-03 -8.458127293658031232e-03
1.200000000000000000e+01 5.381593895820184145e-04 2.400715247608651724e-04
1.300000000000000000e+01 3.738393378434809976e-03 -6.100436445323152365e-03
1.400000000000000000e+01 1.907675157936189686e-03 -4.803586472752675862e-03
1.500000000000000000e+01 3.366643118880305124e-04 1.955834000751965104e-04
1.600000000000000000e+01 2.815624416404150388e-03 -3.675698129237626056e-03
1.700000000000000000e+01 1.459076084893280029e-03 -3.008040101660258356e-03
1.800000000000000000e+01 2.215728532756012299e-04 1.672001514094950474e-04
1.900000000000000000e+01 2.205655947402963314e-03 -2.351991439980362798e-03
2.000000000000000000e+01 1.168950008466053143e-03 -1.995323453165115477e-03
2.100000000000000000e+01 1.460945009207634607e-04 1.465656573440042923e-04
2.200000000000000000e+01 1.769585818772679599e-03 -1.551125060546693947e-03
2.300000000000000000e+01 9.612952675575616411e-04 -1.371344071060251685e-03
2.400000000000000000e+01 9.125781566949677274e-05 1.299244062253317319e-04
2.500000000000000000e+01 1.438620903151251965e-03 -1.031955627831396011e-03
2.600000000000000000e+01 8.029777504400229145e-04 -9.627453808364520946e-04
2.700000000000000000e+01 4.800201115570681639e-05 1.152231015013153325e-04
2.800000000000000000e+01 1.175148188270082892e-03 -6.789742854505608069e-04
2.900000000000000000e+01 6.771156633678663325e-04 -6.832433022784700945e-04
3.000000000000000000e+01 1.146085190515797774e-05 1.011310364701427470e-04
3.100000000000000000e+01 9.569705554127522695e-04 -4.311912671482808043e-04
3.200000000000000000e+01 5.741032059770220753e-04 -4.858549976099132170e-04
3.300000000000000000e+01 -2.123059701891205506e-05 8.663591447709655916e-05
3.400000000000000000e+01 7.701524009491439709e-04 -2.540194444391820935e-04
3.500000000000000000e+01 4.880113647514931698e-04 -3.431778487935087970e-04
3.600000000000000000e+01 -5.189441091752925963e-05 7.084634066137559269e-05
3.700000000000000000e+01 6.054682861199282709e-04 -1.267869510531412854e-04
3.800000000000000000e+01 4.149470054454332583e-04 -2.383344391906805804e-04
3.900000000000000000e+01 -8.177163360970010760e-05 5.287604139161394541e-05
4.000000000000000000e+01 4.565057801448974754e-04 -3.668427492797584868e-05
4.100000000000000000e+01 3.522272564265371635e-04 -1.604584659443070778e-04
4.200000000000000000e+01 -1.117623743467178137e-04 3.175943006831043734e-05
4.300000000000000000e+01 3.185851875191541486e-04 2.437045827268387164e-05
4.400000000000000000e+01 2.979307685712350448e-04 -1.022915136390164110e-04
4.500000000000000000e+01 -1.425581420139969023e-04 6.373773579675637363e-06
4.600000000000000000e+01 1.881056915663299343e-04 6.143223023240320106e-05
4.700000000000000000e+01 2.506385579775209801e-04 -5.883292077842746471e-05
4.800000000000000000e+01 -1.747175943958639236e-04 -2.464818134679128765e-05
4.900000000000000000e+01 6.212202913531380318e-05 7.747120928797615450e-05
5.000000000000000000e+01 2.092772367777777050e-04 -2.654657864632578741e-05
-5.000000000000000000e+01 -2.087097823401963255e-04 -6.303016104458514961e-05
-4.900000000000000000e+01 -6.195430746634396704e-05 7.387906215412157315e-05
-4.800000000000000000e+01 1.730212096043988695e-04 -2.877138205563314967e-06
-4.700000000000000000e+01 -2.449358852377901880e-04 -1.110077921302684049e-04
-4.600000000000000000e+01 -1.865927964011199289e-04 5.069435061430917818e-05
-4.500000000000000000e+01 1.412311961725972538e-04 1.405438798272107776e-05
-4.400000000000000000e+01 -2.837328236341491372e-04 -1.715557286347378792e-04
-4.300000000000000000e+01 -3.143653185743861531e-04 6.611024471491884990e-06
-4.200000000000000000e+01 1.134172103428204473e-04 2.564691855251827955e-05
-4.100000000000000000e+01 -3.253558632515089494e-04 -2.487325970995086610e-04
-4.000000000000000000e+01 -4.481921353204675940e-04 -6.122772367378477153e-05
-3.900000000000000000e+01 8.922048118013829905e-05 3.294794471691691326e-05
-3.800000000000000000e+01 -3.699292632377526829e-04 -3.482234208719579881e-04
-3.700000000000000000e+01 -5.916625483425080791e-04 -1.577088220565557228e-04
-3.600000000000000000e+01 6.841358853897869805e-05 3.673797835476101979e-05
-3.500000000000000000e+01 -4.173397995631924801e-04 -4.782236421949340632e-04
-3.400000000000000000e+01 -7.495082117597657223e-04 -2.906480975865305579e-04
-3.300000000000000000e+01 5.092339466120366758e-05 3.758432545730801315e-05
-3.200000000000000000e+01 -4.670186289684388346e-04 -6.509380840712984196e-04
-3.100000000000000000e+01 -9.283698990226081638e-04 -4.724151401962194434e-04
-3.000000000000000000e+01 3.688994523022452786e-05 3.587126866830148971e-05
-2.900000000000000000e+01 -5.174907127113913220e-04 -8.852415156737780287e-04
-2.800000000000000000e+01 -1.138138640926407343e-03 -7.229260773161372538e-04
-2.700000000000000000e+01 2.679211886120097234e-05 3.180860049645342261e-05
-2.600000000000000000e+01 -5.654100341665672762e-04 -1.211664235366907488e-03
-2.500000000000000000e+01 -1.394481562618153604e-03 -1.075413777329104837e-03
-2.400000000000000000e+01 2.171218677797999937e-05 2.541452391243648949e-05
-2.300000000000000000e+01 -6.033744014845136578e-04 -1.682371361070922073e-03
-2.200000000000000000e+01 -1.724004602932368646e-03 -1.588310687032027302e-03
-2.100000000000000000e+01 2.391993026061826159e-05 1.645873030563109777e-05
-2.000000000000000000e+01 -6.145780161338812962e-04 -2.392852725531359817e-03
-1.900000000000000000e+01 -2.175905470312199021e-03 -2.371953840583194625e-03
-1.800000000000000000e+01 3.827707554470050646e-05 4.327971678715225165e-06
-1.700000000000000000e+01 -5.582779966243183725e-04 -3.534361360880239073e-03
-1.600000000000000000e+01 -2.851874322651611494e-03 -3.656003868055521244e-03
-1.500000000000000000e+01 7.605956285735989374e-05 -1.229006185443223518e-05
-1.400000000000000000e+01 -3.240809750771203655e-04 -5.540363454909947791e-03
-1.300000000000000000e+01 -3.997605887850893928e-03 -5.989507450889652689e-03
-1.200000000000000000e+01 1.674128338616687629e-04 -3.624231179152596379e-05
-1.100000000000000000e+01 4.465003347024168890e-04 -9.591126471070729465e-03
-1.000000000000000000e+01 -6.367318125910736114e-03 -1.099836683580232566e-02
-9.000000000000000000e+00 4.153115202820651200e-04 -7.472685978721866425e-05
-8.000000000000000000e+00 3.357099123895223615e-03 -2.007331897859323047e-02
-7.000000000000000000e+00 -1.352250004747695099e-02 -2.579839443368143678e-02
-6.000000000000000000e+00 1.402914458512043334e-03 -1.554608846603095320e-04
-5.000000000000000000e+00 2.363942795530929800e-02 -7.067626197311696612e-02
-4.000000000000000000e+00 -8.474270560495984761e-02 -1.529096212460008819e-01
-3.000000000000000000e+00 -2.515082797754883415e-01 7.695646458295148790e-03
-2.000000000000000000e+00 -1.643336088254946092e-01 2.170753858545382553e-01
-1.000000000000000000e+00 1.748671146533412601e-01 1.278111262134759840e-01
