0.000000000000000000e+00 -2.247524752475247301e+00 -2.748076793626625076e-17
1.000000000000000000e+00 1.243785107606977438e-03 3.870026554354537605e-05
2.000000000000000000e+00 8.300339018395063795e-04 5.170292101186089399e-05
3.000000000000000000e+00 6.222391007121621511e-04 5.823313571446415841e-05
4.000000000000000000e+00 4.970726366865429926e-04 6.216665031261926658e-05
5.000000000000000000e+00 4.132881384542197597e-04 6.479968424444501314e-05
6.000000000000000000e+00 3.531747830043479816e-04 6.668882254565945580e-05
7.000000000000000000e+00 3.078659396885637719e-04 6.811271030975701803e-05
8.000000000000000000e+00 2.724311807477389409e-04 6.922629247134975538e-05
9.000000000000000000e+00 2.439101432769411883e-04 7.012260218279634796e-05
1.000000000000000000e+01 2.204178556900970539e-04 7.086087706243307895e-05
1.100000000000000000e+01 2.006970281261280336e-04 7.148062903593241900e-05
1.200000000000000000e+01 1.838768188828459444e-04 7.200922540655620759e-05
1.300000000000000000e+01 1.693349125337087415e-04 7.246622322432375756e-05
1.400000000000000000e+01 1.566147297149889702e-04 7.286597107365590882e-05
1.500000000000000000e+01 1.453736635212872497e-04 7.321923581045757770e-05
1.600000000000000000e+01 1.353495743420189798e-04 7.353425550378664378e-05
1.700000000000000000e+01 1.263384465517649485e-04 7.381744160308117129e-05
1.800000000000000000e+01 1.181790969399486708e-04 7.407385949477325268e-05
1.900000000000000000e+01 1.107424679745294801e-04 7.430756497504754519e-05
2.000000000000000000e+01 1.039239783326406224e-04 7.452184464464041706e-05
2.100000000000000000e+01 9.763795833991815141e-05 7.471939078127582887e-05
2.200000000000000000e+01 9.181353603682833819e-05 7.490243062618428345e-05
2.300000000000000000e+01 8.639155091295955909e-05 7.507282337309391027e-05
2.400000000000000000e+01 8.132220765204486968e-05 7.523213390297364364e-05
2.500000000000000000e+01 7.656327069215242793e-05 7.538168952209910135e-05
2.600000000000000000e+01 7.207865941055710611e-05 7.552262410931889877e-05
2.700000000000000000e+01 6.783734377175297482e-05 7.565591282300864796e-05
2.800000000000000000e+01 6.381246789736125539e-05 7.578239964302322415e-05
2.900000000000000000e+01 5.998064835061661448e-05 7.590281942348432677e-05
3.000000000000000000e+01 5.632140764818347053e-05 7.601781569541538823e-05
3.100000000000000000e+01 5.281671337395178598e-05 7.612795514999150042e-05
3.200000000000000000e+01 4.945060044728220947e-05 7.623373951037985309e-05
3.300000000000000000e+01 4.620885936866110736e-05 7.633561532798670442e-05
3.400000000000000000e+01 4.307877718266314504e-05 7.643398212342257796e-05
3.500000000000000000e+01 4.004892084003176263e-05 7.652919919496663161e-05
3.600000000000000000e+01 3.710895485761297232e-05 7.662159134810910845e-05
3.700000000000000000e+01 3.424948687298144889e-05 7.671145374982879853e-05
3.800000000000000000e+01 3.146193599063640609e-05 7.679905606534527247e-05
3.900000000000000000e+01 2.873841982767760521e-05 7.688464600889191971e-05
4.000000000000000000e+01 2.607165694646300353e-05 7.696845240859398463e-05
4.100000000000000000e+01 2.345488198135727115e-05 7.705068787481398316e-05
4.200000000000000000e+01 2.088177124796473252e-05 7.713155113731427076e-05
4.300000000000000000e+01 1.834637700493634349e-05 7.721122911131409817e-05
4.400000000000000000e+01 1.584306884236732371e-05 7.728989873957630243e-05
4.500000000000000000e+01 1.336648090763496484e-05 7.736772865091900021e-05
4.600000000000000000e+01 1.091146387467004253e-05 7.744488066942776302e-05
4.700000000000000000e+01 8.473040703613216249e-06 7.752151120468766296e-05
4.800000000000000000e+01 6.046365363884459169e-06 7.759777254948930169e-05
4.900000000000000000e+01 3.626683770218198795e-06 7.767381410695495855e-05
5.000000000000000000e+01 1.209296259278978445e-06 7.774978356998166261e-05
-5.000000000000000000e+01 -1.210479032126948699e-06 7.782582807208536957e-05
-4.900000000000000000e+01 -3.637342494923005958e-06 7.790209532891475229e-05
-4.800000000000000000e+01 -6.076049681114137739e-06 7.797873478980309062e-05
-4.700000000000000000e+01 -8.531448852955395498e-06 7.805589881739998111e-05
-4.600000000000000000e+01 -1.100852008249644975e-05 7.813374391686627840e-05
-4.500000000000000000e+01 -1.351241658192549902e-05 7.821243203447994421e-05
-4.400000000000000000e+01 -1.604850900985897751e-05 7.829213194980081899e-05
-4.300000000000000000e+01 -1.862243358831282543e-05 7.837302078837676063e-05
-4.200000000000000000e+01 -2.124014498176712105e-05 7.845528568304990953e-05
-4.100000000000000000e+01 -2.390797503738442974e-05 7.853912562022816960e-05
-4.000000000000000000e+01 -2.663269868205797439e-05 7.862475351024871505e-05
-3.900000000000000000e+01 -2.942160850179316155e-05 7.871239853221039429e-05
-3.800000000000000000e+01 -3.228259984741665875e-05 7.880230880729487554e-05
-3.700000000000000000e+01 -3.522426868016583710e-05 7.889475447487596038e-05
-3.600000000000000000e+01 -3.825602486634905247e-05 7.899003125120056224e-05
-3.500000000000000000e+01 -4.138822424285349755e-05 7.908846458216117910e-05
-3.400000000000000000e+01 -4.463232356764157497e-05 7.919041451049006557e-05
-3.300000000000000000e+01 -4.800106347729912439e-05 7.929628142715478142e-05
-3.200000000000000000e+01 -5.150868588732209239e-05 7.940651290227104787e-05
-3.100000000000000000e+01 -5.517119397401744205e-05 7.952161185581776092e-05
-3.000000000000000000e+01 -5.900666510732730381e-05 7.964214639200674654e-05
-2.900000000000000000e+01 -6.303563006284415137e-05 7.976876171657960835e-05
-2.800000000000000000e+01 -6.728153577757212415e-05 7.990219467931034643e-05
-2.700000000000000000e+01 -7.177131422726259222e-05 8.004329165118785258e-05
-2.600000000000000000e+01 -7.653608720924178160e-05 8.019303067444620125e-05
-2.500000000000000000e+01 -8.161204675596181782e-05 8.035254912963635384e-05
-2.400000000000000000e+01 -8.704156470947087157e-05 8.052317860540131691e-05
-2.300000000000000000e+01 -9.287460445752220820e-05 8.070648926439914620e-05
-2.200000000000000000e+01 -9.917053565654144890e-05 8.090434687331386873e-05
-2.100000000000000000e+01 -1.060004930968585531e-04 8.111898693286761586e-05
-2.000000000000000000e+01 -1.134504803433796481e-04 8.135311221406635914e-05
-1.900000000000000000e+01 -1.216255079842211634e-04 8.161002280759135929e-05
-1.800000000000000000e+01 -1.306551927977578494e-04 8.189379208475781988e-05
-1.700000000000000000e+01 -1.407014574274774541e-04 8.220950866974697418e-05
-1.600000000000000000e+01 -1.519693114939318934e-04 8.256361524940487818e-05
-1.500000000000000000e+01 -1.647222559981896734e-04 8.296439267632322082e-05
-1.400000000000000000e+01 -1.793048024363465124e-04 8.342266766036800707e-05
-1.300000000000000000e+01 -1.961762603648156721e-04 8.395287458563301239e-05
-1.200000000000000000e+01 -2.159629708106973651e-04 8.457469701228024334e-05
-1.100000000000000000e+01 -2.395419105737550040e-04 8.531569504619428352e-05
-1.000000000000000000e+01 -2.681800941785588560e-04 8.621568622322921466e-05
-9.000000000000000000e+00 -3.037786575552034202e-04 8.733441614656023281e-05
-8.000000000000000000e+00 -3.493264549721211308e-04 8.876581334594172551e-05
-7.000000000000000000e+00 -4.098080094487200763e-04 9.066652276758051503e-05
-6.000000000000000000e+00 -4.942031862919296073e-04 9.331874804793777829e-05
-5.000000000000000000e+00 -6.204938935255558015e-04 9.728759341226585092e-05
-4.000000000000000000e+00 -8.307176715410868667e-04 1.038941417887777455e-04
-3.000000000000000000e+00 -1.251408988385045544e-03 1.171148990340796351e-04
-2.000000000000000000e+00 -2.520351411936051778e-03 1.569930212302977316e-04
-1.000000000000000000e+00 2.498379731704390982e-01 -7.773686825349877122e-03
