1.000000000000000000e+00 0.000000000000000000e+00 2.000000000000000000e+00 0.000000000000000000e+00 3.000000000000000000e+00 0.000000000000000000e+00 4.000000000000000000e+00 0.000000000000000000e+00
1.003942649342761007e+00 6.266661678215212916e-02 1.996057350657238993e+00 -6.266661678215212916e-02 3.000000000000000000e+00 0.000000000000000000e+00 4.000000000000000000e+00 0.000000000000000000e+00
1.015708419435684462e+00 1.243449435824273974e-01 1.984291580564315538e+00 -1.243449435824273974e-01 3.000000000000000000e+00 0.000000000000000000e+00 4.000000000000000000e+00 0.000000000000000000e+00
1.035111757055874326e+00 1.840622763423389874e-01 1.964888242944125674e+00 -1.840622763423389874e-01 3.000000000000000000e+00 0.000000000000000000e+00 4.000000000000000000e+00 0.000000000000000000e+00
1.061846659978068264e+00 2.408768370508576617e-01 1.938153340021931736e+00 -2.408768370508576617e-01 3.000000000000000000e+00 0.000000000000000000e+00 4.000000000000000000e+00 0.000000000000000000e+00
1.095491502812526274e+00 2.938926261462365686e-01 1.904508497187473726e+00 -2.938926261462365686e-01 3.000000000000000000e+00 0.000000000000000000e+00 4.000000000000000000e+00 0.000000000000000000e+00
1.135515686289294113e+00 3.422735529643443630e-01 1.864484313710705887e+00 -3.422735529643443630e-01 3.000000000000000000e+00 0.000000000000000000e+00 4.000000000000000000e+00 0.000000000000000000e+00
1.181288005125655127e+00 3.852566213878946266e-01 1.818711994874344873e+00 -3.852566213878946266e-01 3.000000000000000000e+00 0.000000000000000000e+00 4.000000000000000000e+00 0.000000000000000000e+00
1.232086602510501727e+00 4.221639627510075377e-01 1.767913397489498273e+00 -4.221639627510075377e-01 3.000000000000000000e+00 0.000000000000000000e+00 4.000000000000000000e+00 0.000000000000000000e+00
1.287110354217463559e+00 4.524135262330097884e-01 1.712889645782536441e+00 -4.524135262330097884e-01 3.000000000000000000e+00 0.000000000000000000e+00 4.000000000000000000e+00 0.000000000000000000e+00
1.345491502812526274e+00 4.755282581475767656e-01 1.654508497187473726e+00 -4.755282581475767656e-01 3.000000000000000000e+00 0.000000000000000000e+00 4.000000000000000000e+00 0.000000000000000000e+00
1.406309342707137811e+00 4.911436253643443606e-01 1.593690657292862189e+00 -4.911436253643443606e-01 3.000000000000000000e+00 0.000000000000000000e+00 4.000000000000000000e+00 0.000000000000000000e+00
1.468604740235343264e+00 4.990133642141357795e-01 1.531395259764656736e+00 -4.990133642141357795e-01 3.000000000000000000e+00 0.000000000000000000e+00 4.000000000000000000e+00 0.000000000000000000e+00
1.531395259764656736e+00 4.990133642141357795e-01 1.468604740235343264e+00 -4.990133642141357795e-01 3.000000000000000000e+00 0.000000000000000000e+00 4.000000000000000000e+00 0.000000000000000000e+00
1.593690657292862412e+00 4.911436253643443051e-01 1.406309342707137588e+00 -4.911436253643443051e-01 3.000000000000000000e+00 0.000000000000000000e+00 4.000000000000000000e+00 0.000000000000000000e+00
1.654508497187473726e+00 4.755282581475767656e-01 1.345491502812526274e+00 -4.755282581475767656e-01 3.000000000000000000e+00 0.000000000000000000e+00 4.000000000000000000e+00 0.000000000000000000e+00
1.712889645782536441e+00 4.524135262330097329e-01 1.287110354217463559e+00 -4.524135262330097329e-01 3.000000000000000000e+00 0.000000000000000000e+00 4.000000000000000000e+00 0.000000000000000000e+00
1.767913397489498495e+00 4.221639627510074821e-01 1.232086602510501505e+00 -4.221639627510074821e-01 3.000000000000000000e+00 0.000000000000000000e+00 4.000000000000000000e+00 0.000000000000000000e+00
1.818711994874344873e+00 3.852566213878946266e-01 1.181288005125655127e+00 -3.852566213878946266e-01 3.000000000000000000e+00 0.000000000000000000e+00 4.000000000000000000e+00 0.000000000000000000e+00
1.864484313710705887e+00 3.422735529643442520e-01 1.135515686289294113e+00 -3.422735529643442520e-01 3.000000000000000000e+00 0.000000000000000000e+00 4.000000000000000000e+00 0.000000000000000000e+00
1.904508497187473726e+00 2.938926261462366241e-01 1.095491502812526274e+00 -2.938926261462366241e-01 3.000000000000000000e+00 0.000000000000000000e+00 4.000000000000000000e+00 0.000000000000000000e+00
1.938153340021931736e+00 2.408768370508576062e-01 1.061846659978068264e+00 -2.408768370508576062e-01 3.000000000000000000e+00 0.000000000000000000e+00 4.000000000000000000e+00 0.000000000000000000e+00
1.964888242944125674e+00 1.840622763423388764e-01 1.035111757055874326e+00 -1.840622763423388764e-01 3.000000000000000000e+00 0.000000000000000000e+00 4.000000000000000000e+00 0.000000000000000000e+00
1.984291580564315538e+00 1.243449435824274113e-01 1.015708419435684462e+00 -1.243449435824274113e-01 3.000000000000000000e+00 0.000000000000000000e+00 4.000000000000000000e+00 0.000000000000000000e+00
1.996057350657238993e+00 6.266661678215204589e-02 1.003942649342761007e+00 -6.266661678215204589e-02 3.000000000000000000e+00 0.000000000000000000e+00 4.000000000000000000e+00 0.000000000000000000e+00
2.000000000000000000e+00 -1.608122649676636354e-16 1.000000000000000000e+00 -6.123233995736766036e-17 3.000000000000000000e+00 2.220446049250313081e-16 4.000000000000000000e+00 0.000000000000000000e+00
2.003942649342761229e+00 -6.266661678215215692e-02 1.000000000000000000e+00 -6.123233995736766036e-17 2.996057350657238771e+00 6.266661678215221243e-02 4.000000000000000000e+00 0.000000000000000000e+00
2.015708419435684462e+00 -1.243449435824275084e-01 1.000000000000000000e+00 -6.123233995736766036e-17 2.984291580564315538e+00 1.243449435824275640e-01 4.000000000000000000e+00 0.000000000000000000e+00
2.035111757055874548e+00 -1.840622763423391539e-01 1.000000000000000000e+00 -6.123233995736766036e-17 2.964888242944125452e+00 1.840622763423392094e-01 4.000000000000000000e+00 0.000000000000000000e+00
2.061846659978068264e+00 -2.408768370508576895e-01 1.000000000000000000e+00 -6.123233995736766036e-17 2.938153340021931736e+00 2.408768370508577450e-01 4.000000000000000000e+00 0.000000000000000000e+00
2.095491502812526274e+00 -2.938926261462366796e-01 1.000000000000000000e+00 -6.123233995736766036e-17 2.904508497187473726e+00 2.938926261462367906e-01 4.000000000000000000e+00 0.000000000000000000e+00
2.135515686289294113e+00 -3.422735529643443630e-01 1.000000000000000000e+00 -6.123233995736766036e-17 2.864484313710705887e+00 3.422735529643444741e-01 4.000000000000000000e+00 0.000000000000000000e+00
2.181288005125655349e+00 -3.852566213878946821e-01 1.000000000000000000e+00 -6.123233995736766036e-17 2.818711994874344651e+00 3.852566213878947932e-01 4.000000000000000000e+00 0.000000000000000000e+00
2.232086602510501727e+00 -4.221639627510075932e-01 1.000000000000000000e+00 -6.123233995736766036e-17 2.767913397489498273e+00 4.221639627510077042e-01 4.000000000000000000e+00 0.000000000000000000e+00
2.287110354217464003e+00 -4.524135262330098439e-01 1.000000000000000000e+00 -6.123233995736766036e-17 2.712889645782535997e+00 4.524135262330099549e-01 4.000000000000000000e+00 0.000000000000000000e+00
2.345491502812526274e+00 -4.755282581475767101e-01 1.000000000000000000e+00 -6.123233995736766036e-17 2.654508497187473726e+00 4.755282581475768211e-01 4.000000000000000000e+00 0.000000000000000000e+00
2.406309342707137588e+00 -4.911436253643443051e-01 1.000000000000000000e+00 -6.123233995736766036e-17 2.593690657292862412e+00 4.911436253643444161e-01 4.000000000000000000e+00 0.000000000000000000e+00
2.468604740235343264e+00 -4.990133642141357240e-01 1.000000000000000000e+00 -6.123233995736766036e-17 2.531395259764656736e+00 4.990133642141358350e-01 4.000000000000000000e+00 0.000000000000000000e+00
2.531395259764656736e+00 -4.990133642141357240e-01 1.000000000000000000e+00 -6.123233995736766036e-17 2.468604740235343264e+00 4.990133642141358350e-01 4.000000000000000000e+00 0.000000000000000000e+00
2.593690657292862412e+00 -4.911436253643442496e-01 1.000000000000000000e+00 -6.123233995736766036e-17 2.406309342707137588e+00 4.911436253643443606e-01 4.000000000000000000e+00 0.000000000000000000e+00
2.654508497187473726e+00 -4.755282581475767656e-01 1.000000000000000000e+00 -6.123233995736766036e-17 2.345491502812526274e+00 4.755282581475768766e-01 4.000000000000000000e+00 0.000000000000000000e+00
2.712889645782536441e+00 -4.524135262330096774e-01 1.000000000000000000e+00 -6.123233995736766036e-17 2.287110354217463559e+00 4.524135262330097884e-01 4.000000000000000000e+00 0.000000000000000000e+00
2.767913397489498273e+00 -4.221639627510074266e-01 1.000000000000000000e+00 -6.123233995736766036e-17 2.232086602510501727e+00 4.221639627510075377e-01 4.000000000000000000e+00 0.000000000000000000e+00
2.818711994874345095e+00 -3.852566213878944046e-01 1.000000000000000000e+00 -6.123233995736766036e-17 2.181288005125654905e+00 3.852566213878945156e-01 4.000000000000000000e+00 0.000000000000000000e+00
2.864484313710705887e+00 -3.422735529643440300e-01 1.000000000000000000e+00 -6.123233995736766036e-17 2.135515686289294113e+00 3.422735529643441410e-01 4.000000000000000000e+00 0.000000000000000000e+00
2.904508497187474170e+00 -2.938926261462361800e-01 1.000000000000000000e+00 -6.123233995736766036e-17 2.095491502812525830e+00 2.938926261462362910e-01 4.000000000000000000e+00 0.000000000000000000e+00
2.938153340021931736e+00 -2.408768370508576062e-01 1.000000000000000000e+00 -6.123233995736766036e-17 2.061846659978068264e+00 2.408768370508576617e-01 4.000000000000000000e+00 0.000000000000000000e+00
2.964888242944125896e+00 -1.840622763423388764e-01 1.000000000000000000e+00 -6.123233995736766036e-17 2.035111757055874104e+00 1.840622763423389319e-01 4.000000000000000000e+00 0.000000000000000000e+00
2.984291580564315538e+00 -1.243449435824271893e-01 1.000000000000000000e+00 -6.123233995736766036e-17 2.015708419435684462e+00 1.243449435824272448e-01 4.000000000000000000e+00 0.000000000000000000e+00
2.996057350657238771e+00 -6.266661678215182385e-02 1.000000000000000000e+00 -6.123233995736766036e-17 2.003942649342761229e+00 6.266661678215187936e-02 4.000000000000000000e+00 0.000000000000000000e+00
3.000000000000000000e+00 3.828568698926949435e-16 1.000000000000000000e+00 -6.123233995736766036e-17 2.000000000000000000e+00 1.224646799147353207e-16 4.000000000000000000e+00 -4.440892098500626162e-16
3.003942649342761229e+00 6.266661678215215692e-02 1.000000000000000000e+00 -6.123233995736766036e-17 2.000000000000000000e+00 1.224646799147353207e-16 3.996057350657238771e+00 -6.266661678215221243e-02
3.015708419435684462e+00 1.243449435824275084e-01 1.000000000000000000e+00 -6.123233995736766036e-17 2.000000000000000000e+00 1.224646799147353207e-16 3.984291580564315538e+00 -1.243449435824275640e-01
3.035111757055874548e+00 1.840622763423391539e-01 1.000000000000000000e+00 -6.123233995736766036e-17 2.000000000000000000e+00 1.224646799147353207e-16 3.964888242944125452e+00 -1.840622763423392094e-01
3.061846659978068264e+00 2.408768370508578838e-01 1.000000000000000000e+00 -6.123233995736766036e-17 2.000000000000000000e+00 1.224646799147353207e-16 3.938153340021931736e+00 -2.408768370508579393e-01
3.095491502812526718e+00 2.938926261462368461e-01 1.000000000000000000e+00 -6.123233995736766036e-17 2.000000000000000000e+00 1.224646799147353207e-16 3.904508497187473282e+00 -2.938926261462369571e-01
3.135515686289294557e+00 3.422735529643446406e-01 1.000000000000000000e+00 -6.123233995736766036e-17 2.000000000000000000e+00 1.224646799147353207e-16 3.864484313710705443e+00 -3.422735529643447516e-01
3.181288005125655349e+00 3.852566213878946821e-01 1.000000000000000000e+00 -6.123233995736766036e-17 2.000000000000000000e+00 1.224646799147353207e-16 3.818711994874344651e+00 -3.852566213878947932e-01
3.232086602510501727e+00 4.221639627510075932e-01 1.000000000000000000e+00 -6.123233995736766036e-17 2.000000000000000000e+00 1.224646799147353207e-16 3.767913397489498273e+00 -4.221639627510077042e-01
3.287110354217464003e+00 4.524135262330098439e-01 1.000000000000000000e+00 -6.123233995736766036e-17 2.000000000000000000e+00 1.224646799147353207e-16 3.712889645782535997e+00 -4.524135262330099549e-01
3.345491502812526718e+00 4.755282581475768766e-01 1.000000000000000000e+00 -6.123233995736766036e-17 2.000000000000000000e+00 1.224646799147353207e-16 3.654508497187473282e+00 -4.755282581475769876e-01
3.406309342707138033e+00 4.911436253643443606e-01 1.000000000000000000e+00 -6.123233995736766036e-17 2.000000000000000000e+00 1.224646799147353207e-16 3.593690657292861967e+00 -4.911436253643444716e-01
3.468604740235343264e+00 4.990133642141357240e-01 1.000000000000000000e+00 -6.123233995736766036e-17 2.000000000000000000e+00 1.224646799147353207e-16 3.531395259764656736e+00 -4.990133642141358350e-01
3.531395259764656736e+00 4.990133642141357240e-01 1.000000000000000000e+00 -6.123233995736766036e-17 2.000000000000000000e+00 1.224646799147353207e-16 3.468604740235343264e+00 -4.990133642141358350e-01
3.593690657292862412e+00 4.911436253643442496e-01 1.000000000000000000e+00 -6.123233995736766036e-17 2.000000000000000000e+00 1.224646799147353207e-16 3.406309342707137588e+00 -4.911436253643443606e-01
3.654508497187473726e+00 4.755282581475767656e-01 1.000000000000000000e+00 -6.123233995736766036e-17 2.000000000000000000e+00 1.224646799147353207e-16 3.345491502812526274e+00 -4.755282581475768766e-01
3.712889645782536885e+00 4.524135262330095109e-01 1.000000000000000000e+00 -6.123233995736766036e-17 2.000000000000000000e+00 1.224646799147353207e-16 3.287110354217463115e+00 -4.524135262330096219e-01
3.767913397489498273e+00 4.221639627510074266e-01 1.000000000000000000e+00 -6.123233995736766036e-17 2.000000000000000000e+00 1.224646799147353207e-16 3.232086602510501727e+00 -4.221639627510075377e-01
3.818711994874345539e+00 3.852566213878941270e-01 1.000000000000000000e+00 -6.123233995736766036e-17 2.000000000000000000e+00 1.224646799147353207e-16 3.181288005125654461e+00 -3.852566213878942381e-01
3.864484313710705887e+00 3.422735529643440300e-01 1.000000000000000000e+00 -6.123233995736766036e-17 2.000000000000000000e+00 1.224646799147353207e-16 3.135515686289294113e+00 -3.422735529643441410e-01
3.904508497187473726e+00 2.938926261462365686e-01 1.000000000000000000e+00 -6.123233995736766036e-17 2.000000000000000000e+00 1.224646799147353207e-16 3.095491502812526274e+00 -2.938926261462366796e-01
3.938153340021932181e+00 2.408768370508572176e-01 1.000000000000000000e+00 -6.123233995736766036e-17 2.000000000000000000e+00 1.224646799147353207e-16 3.061846659978067819e+00 -2.408768370508572731e-01
3.964888242944125896e+00 1.840622763423388764e-01 1.000000000000000000e+00 -6.123233995736766036e-17 2.000000000000000000e+00 1.224646799147353207e-16 3.035111757055874104e+00 -1.840622763423389319e-01
3.984291580564315538e+00 1.243449435824267590e-01 1.000000000000000000e+00 -6.123233995736766036e-17 2.000000000000000000e+00 1.224646799147353207e-16 3.015708419435684462e+00 -1.243449435824268146e-01
3.996057350657238771e+00 6.266661678215182385e-02 1.000000000000000000e+00 -6.123233995736766036e-17 2.000000000000000000e+00 1.224646799147353207e-16 3.003942649342761229e+00 -6.266661678215187936e-02
4.000000000000000000e+00 6.123233995736766036e-17 1.000000000000000000e+00 -6.123233995736764803e-17 2.000000000000000000e+00 1.224646799147353207e-16 3.000000000000000000e+00 -1.224646799147352961e-16
4.000000000000000000e+00 6.123233995736766036e-17 1.003942649342761229e+00 -6.266661678215271203e-02 1.996057350657238771e+00 6.266661678215276754e-02 3.000000000000000000e+00 -1.224646799147352961e-16
4.000000000000000000e+00 6.123233995736766036e-17 1.015708419435684462e+00 -1.243449435824276195e-01 1.984291580564315538e+00 1.243449435824276750e-01 3.000000000000000000e+00 -1.224646799147352961e-16
4.000000000000000000e+00 6.123233995736766036e-17 1.035111757055874548e+00 -1.840622763423396813e-01 1.964888242944125452e+00 1.840622763423397368e-01 3.000000000000000000e+00 -1.224646799147352961e-16
4.000000000000000000e+00 6.123233995736766036e-17 1.061846659978068486e+00 -2.408768370508579948e-01 1.938153340021931514e+00 2.408768370508580503e-01 3.000000000000000000e+00 -1.224646799147352961e-16
4.000000000000000000e+00 6.123233995736766036e-17 1.095491502812526274e+00 -2.938926261462365686e-01 1.904508497187473726e+00 2.938926261462366796e-01 3.000000000000000000e+00 -1.224646799147352961e-16
4.000000000000000000e+00 6.123233995736766036e-17 1.135515686289294557e+00 -3.422735529643446961e-01 1.864484313710705443e+00 3.422735529643448071e-01 3.000000000000000000e+00 -1.224646799147352961e-16
4.000000000000000000e+00 6.123233995736766036e-17 1.181288005125655349e+00 -3.852566213878947377e-01 1.818711994874344651e+00 3.852566213878948487e-01 3.000000000000000000e+00 -1.224646799147352961e-16
4.000000000000000000e+00 6.123233995736766036e-17 1.232086602510502393e+00 -4.221639627510079262e-01 1.767913397489497607e+00 4.221639627510080373e-01 3.000000000000000000e+00 -1.224646799147352961e-16
4.000000000000000000e+00 6.123233995736766036e-17 1.287110354217464003e+00 -4.524135262330098994e-01 1.712889645782535997e+00 4.524135262330100105e-01 3.000000000000000000e+00 -1.224646799147352961e-16
4.000000000000000000e+00 6.123233995736766036e-17 1.345491502812527163e+00 -4.755282581475770431e-01 1.654508497187472837e+00 4.755282581475771542e-01 3.000000000000000000e+00 -1.224646799147352961e-16
4.000000000000000000e+00 6.123233995736766036e-17 1.406309342707138255e+00 -4.911436253643443606e-01 1.593690657292861745e+00 4.911436253643444716e-01 3.000000000000000000e+00 -1.224646799147352961e-16
4.000000000000000000e+00 6.123233995736766036e-17 1.468604740235343487e+00 -4.990133642141357240e-01 1.531395259764656513e+00 4.990133642141358350e-01 3.000000000000000000e+00 -1.224646799147352961e-16
4.000000000000000000e+00 6.123233995736766036e-17 1.531395259764657402e+00 -4.990133642141356685e-01 1.468604740235342598e+00 4.990133642141357795e-01 3.000000000000000000e+00 -1.224646799147352961e-16
4.000000000000000000e+00 6.123233995736766036e-17 1.593690657292862634e+00 -4.911436253643442496e-01 1.406309342707137366e+00 4.911436253643443606e-01 3.000000000000000000e+00 -1.224646799147352961e-16
4.000000000000000000e+00 6.123233995736766036e-17 1.654508497187474614e+00 -4.755282581475764325e-01 1.345491502812525386e+00 4.755282581475765435e-01 3.000000000000000000e+00 -1.224646799147352961e-16
4.000000000000000000e+00 6.123233995736766036e-17 1.712889645782536885e+00 -4.524135262330094553e-01 1.287110354217463115e+00 4.524135262330095664e-01 3.000000000000000000e+00 -1.224646799147352961e-16
4.000000000000000000e+00 6.123233995736766036e-17 1.767913397489498495e+00 -4.221639627510073711e-01 1.232086602510501505e+00 4.221639627510074821e-01 3.000000000000000000e+00 -1.224646799147352961e-16
4.000000000000000000e+00 6.123233995736766036e-17 1.818711994874345539e+00 -3.852566213878940715e-01 1.181288005125654461e+00 3.852566213878941825e-01 3.000000000000000000e+00 -1.224646799147352961e-16
4.000000000000000000e+00 6.123233995736766036e-17 1.864484313710706109e+00 -3.422735529643439745e-01 1.135515686289293891e+00 3.422735529643440855e-01 3.000000000000000000e+00 -1.224646799147352961e-16
4.000000000000000000e+00 6.123233995736766036e-17 1.904508497187474170e+00 -2.938926261462357914e-01 1.095491502812525830e+00 2.938926261462359024e-01 3.000000000000000000e+00 -1.224646799147352961e-16
4.000000000000000000e+00 6.123233995736766036e-17 1.938153340021932181e+00 -2.408768370508571066e-01 1.061846659978067819e+00 2.408768370508571621e-01 3.000000000000000000e+00 -1.224646799147352961e-16
4.000000000000000000e+00 6.123233995736766036e-17 1.964888242944125896e+00 -1.840622763423387653e-01 1.035111757055874104e+00 1.840622763423388208e-01 3.000000000000000000e+00 -1.224646799147352961e-16
4.000000000000000000e+00 6.123233995736766036e-17 1.984291580564315760e+00 -1.243449435824266480e-01 1.015708419435684240e+00 1.243449435824267035e-01 3.000000000000000000e+00 -1.224646799147352961e-16
4.000000000000000000e+00 6.123233995736766036e-17 1.996057350657238993e+00 -6.266661678215169895e-02 1.003942649342761007e+00 6.266661678215175446e-02 3.000000000000000000e+00 -1.224646799147352961e-16
4.000000000000000000e+00 6.123233995736766036e-17 2.000000000000000000e+00 6.123233995736764803e-17 1.000000000000000000e+00 6.162975822039154730e-33 3.000000000000000000e+00 -1.224646799147352961e-16
