4.000000213280960004e+00 -1.719584772579733009e-07
4.000000176364856053e+00 -2.449724660221437188e-07
4.000000139760209628e+00 -3.055982619216545134e-07
4.000000102456064965e+00 -3.617644759856852645e-07
4.000000062006917823e+00 -4.170824170285877385e-07
4.000000015043701396e+00 -4.730052880515214988e-07
3.999999957265931272e+00 -5.289029787240465502e-07
3.999999883935800415e+00 -5.809605600565059935e-07
3.999999792246671682e+00 -6.208177336164207150e-07
3.999999686109867003e+00 -6.370359605609965927e-07
3.999999575241298011e+00 -6.332452338054402431e-07
3.999999526111936543e+00 6.498900285561992618e-07
3.999999473223423418e+00 -6.372339302467368441e-07
3.999999432191441162e+00 6.526747871615518753e-07
3.999999381710029223e+00 -6.343158221638456228e-07
3.999999330426736055e+00 6.356471975781230689e-07
3.999999301529811646e+00 -6.204008349179897223e-07
3.999999231982710679e+00 -5.930795380883597035e-07
3.999999228987309863e+00 5.934131985768174974e-07
3.999999171827929079e+00 -5.517985919746133959e-07
3.999999137811193872e+00 5.268064992979740638e-07
3.999999120188181934e+00 -4.973435493680250043e-07
3.999999076753312011e+00 -4.311080808451297408e-07
3.999999065131622622e+00 4.413503487652822074e-07
3.999999041542756650e+00 -3.546447154587121836e-07
3.999999015717726980e+00 3.457342601086823815e-07
3.999999014587840129e+00 -2.695567135678609736e-07
3.999998995717906514e+00 -1.776365800013165303e-07
3.999998989567314922e+00 2.499715972496124872e-07
3.999998984541092373e+00 -8.122733555686627434e-08
3.999998981245159957e+00 1.626312867978108046e-07
3.999998981074849524e+00 8.708411408884167675e-08
3.999998980627721856e+00 1.332986928280727988e-08
3.999994584102666728e+00 1.861599028790482872e-07
3.999917044404283750e+00 1.106996687225040454e-06
3.999033970435015739e+00 1.019536729326576472e-05
3.992106839555836117e+00 6.499127320250569116e-05
3.953775708677455203e+00 2.905339844290596909e-04
3.901432414200739718e+00 9.164657110567636655e-02
3.900836916589618397e+00 -9.209580047671048209e-02
3.848613342292222850e+00 1.796513614666996883e-01
3.847481607213986798e+00 -1.801341373747623875e-01
3.785189095293686634e+00 2.518655810877585832e-01
3.783439735920845592e+00 -2.518826829607730966e-01
3.711088972866016356e+00 3.075243244793450792e-01
3.708952423134165510e+00 -3.065159145472954871e-01
3.628585401500055152e+00 3.452329957226942803e-01
3.626741005549978247e+00 -3.427563778665429495e-01
3.540816835031490584e+00 3.638055885817212398e-01
3.540356839465387040e+00 -3.599057333297099870e-01
3.453408962462049647e+00 -3.581003156497427620e-01
3.451361187594210289e+00 3.625104577747312318e-01
3.369030161140730062e+00 -3.380943181395080765e-01
3.364058708716716861e+00 3.412008775196250232e-01
3.289742014564727146e+00 -3.007208842621231781e-01
3.282842305696413998e+00 3.004348252577273559e-01
3.217779094587821298e+00 -2.465472093465980452e-01
3.211475492567231971e+00 2.415178708789171569e-01
3.154453976494482337e+00 -1.758649982598831096e-01
3.153195687003386816e+00 1.667948184465707362e-01
3.108078269756151979e+00 7.693226087808989477e-02
3.105415415891959796e+00 -8.216803732372562896e-02
3.036940766336420072e+00 -1.445362434316595571e-02
3.000797572649757772e+00 -6.965471489726790793e-04
3.000009315994775605e+00 -5.938007715671454745e-06
3.000001479345127287e+00 2.865168003036828643e-08
3.000001472157917792e+00 -1.155640631207799817e-07
3.000001451679418008e+00 1.518311376195492779e-07
3.000001437529494108e+00 -2.759873119413354660e-07
3.000001396948832166e+00 2.836853175589193760e-07
3.000001376059973968e+00 -4.219727023357933149e-07
3.000001325212702241e+00 4.221015419441316487e-07
3.000001296853000543e+00 -5.496489238498862961e-07
3.000001241456230705e+00 5.606078590853889723e-07
3.000001206029204948e+00 -6.604347366870291310e-07
3.000001147572576521e+00 6.932902670526518313e-07
3.000001106407705453e+00 -7.564085465902284938e-07
3.000001044499327918e+00 8.154393810275697373e-07
3.000000999268532365e+00 -8.389536729055681227e-07
3.000000933050754437e+00 9.227170954042363530e-07
3.000000885318505173e+00 -9.091827584089180112e-07
3.000000813214582340e+00 1.009674770489320140e-06
3.000000764187595426e+00 -9.690197506067341709e-07
3.000000679071243237e+00 1.067134255627877337e-06
3.000000630134521451e+00 -1.022763177697082193e-06
2.999992284930166786e+00 5.940259260928115737e-06
2.999203845893270604e+00 6.963775023491234305e-04
2.963214212748087384e+00 1.433198764498782793e-02
2.894330590327515385e+00 8.299612803410963413e-02
2.891933812639365886e+00 -7.662524460698104389e-02
2.846545477892560516e+00 -1.668143398426009394e-01
2.844812934644118219e+00 1.771895879576967925e-01
2.787960742755987820e+00 -2.418220702722884141e-01
2.780242799239686313e+00 2.484977887193223767e-01
2.716057197755631147e+00 -3.009420695653586275e-01
2.706379748578064515e+00 3.021847491189572632e-01
2.634051495027306622e+00 -3.416566218038996072e-01
2.625582704269102230e+00 3.375495542959038864e-01
2.545785776640199671e+00 -3.624454718802784803e-01
2.541288889975627630e+00 3.546385840887899543e-01
2.456242079103390097e+00 3.541112521514235278e-01
2.455431543405604433e+00 -3.625502110187113769e-01
2.372486211507478071e+00 3.361877594173516282e-01
2.367227779186960479e+00 -3.420405582760738250e-01
2.292444053242195245e+00 3.004418641789475264e-01
2.285234622813437255e+00 -3.017994460125222322e-01
2.219257432388452411e+00 2.467799971360969125e-01
2.213018362939771499e+00 -2.434137093844132016e-01
2.155005131938587226e+00 1.757405007323425139e-01
2.153173948836021534e+00 -1.690445592751517734e-01
2.106861105223381880e+00 8.214672764664297799e-02
2.104375655183755800e+00 -7.827374502769184061e-02
2.029632628377195047e+00 1.584747790162992914e-02
2.000258852271592502e+00 3.004996004644580197e-04
2.000001174921690605e+00 6.431711231571823212e-07
2.000000411829040203e+00 9.075056206508946843e-08
2.000000370397267080e+00 1.579214026598696397e-07
2.000000323219651044e+00 2.210377174975444826e-07
2.000000270300715144e+00 2.800200581640502053e-07
2.000000211784444204e+00 3.349147128556198686e-07
2.000000148538566780e+00 3.863525759178838508e-07
2.000000082129791412e+00 4.349548816673376450e-07
1.999995151863178666e+00 3.057015611207525296e-06
1.999565008136986899e+00 4.497259482682331366e-04
1.995590205849977927e+00 -1.564021869861695335e-02
1.992613920700262886e+00 1.207333094664136790e-02
1.984684420659106996e+00 -7.307935991282543675e-02
1.981547496984572776e+00 5.728447233331743910e-02
1.968377397865044509e+00 -1.314852848913500571e-01
1.967004915844513535e+00 1.120867307443782074e-01
1.946620093939578133e+00 1.661585807216245936e-01
1.945307604720025951e+00 -1.872317532473119772e-01
1.920821996634820561e+00 2.188736435478883524e-01
1.916306940025884531e+00 -2.399853903261100763e-01
1.888950241287188803e+00 2.681702290418412904e-01
1.881162469828728590e+00 -2.887010083375867175e-01
1.851602196001160161e+00 3.137453305952012106e-01
1.840611106166501365e+00 -3.327815324993576018e-01
1.808958025637362521e+00 3.544331887666227754e-01
1.795034885234567223e+00 -3.715415440291420790e-01
1.761775516205003722e+00 3.898967750727375114e-01
1.745241825798333979e+00 -4.043780237226058949e-01
1.710532816257795963e+00 4.192899937446550873e-01
1.691862347740463512e+00 -4.308569555884734781e-01
1.656107275614016272e+00 4.423568058821691906e-01
1.635783506952689148e+00 -4.505087664768915867e-01
1.599156660809408326e+00 4.585199404856358796e-01
1.577785445949678733e+00 -4.631513127307271827e-01
1.540647195785349366e+00 4.676745713812605065e-01
1.518801109525228510e+00 -4.684861695287326766e-01
1.481331019209934041e+00 4.695051384137273742e-01
1.459683259852277759e+00 -4.666011277351714837e-01
1.422215009862509039e+00 4.640931542322991876e-01
1.401364245645778217e+00 -4.573760526390076020e-01
1.364069297121273339e+00 4.513823487261205969e-01
1.344699043793676774e+00 -4.411905193181701601e-01
1.307891225035771043e+00 4.316492534252911462e-01
1.290569060804004575e+00 -4.180826514851286313e-01
1.254394532752998392e+00 4.050897795996010742e-01
1.239759125628950631e+00 -3.887572306263750721e-01
1.204521868829781406e+00 3.721604184208424093e-01
1.193054728298093004e+00 -3.533570498176930585e-01
1.158852151671845965e+00 3.332999659087245159e-01
1.151077577871523649e+00 -3.129914094063553365e-01
1.118243046357171977e+00 2.890996306623826451e-01
1.114499173248120201e+00 -2.678037190142854573e-01
1.083573539617977977e+00 -2.195524763959089687e-01
1.083037676520316461e+00 2.402497367252301175e-01
1.058965424212181983e+00 -1.682279234270958046e-01
1.054021729703292554e+00 1.873620707266452634e-01
1.039648878824513956e+00 -1.171066962617831747e-01
1.031085183703398744e+00 1.315253279813250187e-01
1.026911396816667876e+00 -6.691616315341700205e-02
1.015163404358559118e+00 7.287903630550454648e-02
1.014336496024871082e+00 -2.456197717238843559e-02
1.004497792786681387e+00 1.509954193061072494e-02
1.004236364830516148e+00 -5.035330964732839809e-03
1.000762800153874199e+00 -7.094109884760151780e-04
1.000088530522963426e+00 -6.640603006038297597e-05
1.000008533856567627e+00 -5.288546886689953538e-06
1.000000546740939855e+00 -2.994693161233340070e-07
9.999999872325250339e-01 -2.403328713818098095e-08
9.999999714021517994e-01 3.364041078767819259e-08
9.999999695570929159e-01 -3.753264305436087851e-08
9.999999684582909776e-01 2.993477979780236871e-08
9.999999662512700782e-01 2.732849795961279561e-08
9.999999648436986854e-01 -3.385859168717722765e-08
9.999999639076118108e-01 2.527333090064036550e-08
9.999999610908735237e-01 2.325459122267511584e-08
9.999999606702698607e-01 -2.954669124582967116e-08
9.999999577295337616e-01 2.076242053436961015e-08
9.999999568681482431e-01 -2.480316507056461098e-08
9.999999540127633146e-01 1.727405973939674699e-08
9.999999534484751429e-01 -1.980303932785855265e-08
9.999999504760603841e-01 -1.471114414497882406e-08
9.999999504743337653e-01 1.237547262993080593e-08
9.999999480638108729e-01 -9.688848659924882409e-09
9.999999479679517744e-01 6.084076479820356202e-09
9.999999463988156201e-01 -4.872878553774223492e-09
9.999999457187787044e-01 -4.500460541321249610e-10
